549
562
561
565
572
542
568
563
556
533
510
520
520
522
511
497
514
520
540
557
563
560
530
570
533
552
533
552
554
543
555
519
525
527
550
545
551
550
511
510
519
543
545
544
525
517
503
533
549
557
563
531
560
519
554
564
562
582
519
546
563
592
574
567
575
528
531
530
537
551
549
553
524
518
532
539
538
554
564
564
537
536
534
532
536
555
556
523
537
537
570
569
576
570
538
564
538
555
567
578
559
530
537
541
554
534
538
541
514
526
528
536
537
532
519
524
520
526
535
536
535
539
515
514
518
534
535
499
507
517
530
537
537
534
515
522
499
539
545
524
530
530
527
511
521
512
536
529
511
525
535
525
541
543
552
535
507
523
529
543
555
559
560
538
555
524
545
565
573
599
544
570
559
543
549
561
540
530
522
513
518
500
503
505
495
554
530
519
521
532
535
534
558
522
511
532
534
544
532
508
504
513
524
531
533
524
503
492
523
512
519
520
516
509
523
497
509
503
513
531
535
505
519
518
525
528
549
537
530
516
499
509
522
540
544
541
543
530
524
511
535
540
542
529
527
538
523
541
539
538
539
523
545
519
527
529
523
523
523
528
517
511
520
510
516
511
519
528
531
496
512
495
520
520
537
529
508
511
490
513
532
533
542
531
479
491
481
494
499
522
524
528
485
507
516
509
501
509
517
531
492
537
513
521
524
520
525
534
474
487
486
506
537
527
526
536
507
519
526
501
532
532
544
529
514
517
541
565
554
525
533
529
559
521
512
543
545
549
536
524
533
506
521
507
534
536
523
526
536
544
487
487
484
508
507
495
494
497
477
523
529
533
523
518
503
484
501
503
504
510
513
489
478
505
520
497
494
514
516
498
522
518
530
526
529
509
506
520
531
534
551
546
529
545
510
522
527
524
519
493
513
509
461
483
487
482
491
493
487
497
482
473
470
471
482
476
472
469
442
457
443
413
442
432
432
443
438
445
484
460
537
506
491
500
503
503
504
505
506
506
507
507
507
508
510
509
509
513
510
510
510
510
510
509
512
510
511
514
512
512
511
512
512
512
512
511
511
512
512
512
512
513
512
512
512
512
512
512
512
513
512
512
512
512
512
512
513
513
513
514
517
513
516
515
515
515
515
515
515
515
515
515
515
515
515
515
516
516
515
515
515
516
515
515
515
516
513
516
516
516
515
516
516
515
515
515
