7491
7496
7496
7496
7483
7471
7471
7453
7425
7425
7396
7366
7366
7335
7298
7298
7268
7268
7235
7208
7208
7183
7155
7155
7133
7108
7108
7082
7018
7018
6910
6902
6902
6901
6853
6853
6822
6810
6810
6806
6806
6813
6818
6818
6817
6813
6813
6798
6775
6775
6753
6733
6733
6716
6708
6708
6702
6702
6702
6717
6739
6739
6762
6781
6781
6802
6802
6827
6856
6856
6887
6923
6923
6962
6962
7000
7036
7036
7072
7072
7112
7149
7149
7188
7227
7227
7274
7316
7316
7356
7397
7397
7433
7468
7468
7502
7533
7533
7562
7562
7591
7611
7611
7637
7659
7659
7676
7692
7692
7705
7716
7716
7723
7726
7726
7726
7724
7724
7722
7722
7718
7714
7714
7710
7710
7702
7694
7694
7682
7682
7668
7652
7652
7638
7560
7560
7534
7534
7536
7520
7520
7503
7503
7495
7498
7498
7508
7523
7523
7534
7534
7544
7548
7548
7550
7550
7545
7541
7541
7533
7533
7524
7518
7518
7510
7504
7504
7501
7501
7502
7502
7502
7508
7508
7508
7513
7518
7518
7525
7531
7531
7540
7546
7546
7555
7567
7567
7580
7593
7593
7606
7606
7618
7628
7628
7637
7644
7644
7649
7647
7647
7644
7643
7643
7646
7644
7644
7644
7640
7640
7637
7640
7640
7637
7634
7634
7626
7626
7621
7607
7607
7575
7551
7551
7540
7524
7524
7506
7489
7489
7467
7446
7446
7420
7397
7397
7369
7340
7340
7307
7307
7270
7236
7236
7204
7176
7176
7152
7129
7129
7110
7091
7091
7070
7048
7048
7028
7005
7005
6983
6962
6962
6938
6918
6918
6904
6904
6892
6883
6883
6875
6866
6866
6869
6882
6882
6897
6911
6911
6929
6943
6943
6968
6994
6994
7022
7044
7044
7066
7092
7092
7118
7118
7147
7173
7173
7204
7236
7236
7272
7303
7303
7335
7362
7362
7383
7399
7399
7408
7414
7414
7413
7400
7400
7385
7385
7363
7336
7336
7298
7253
7253
7205
7147
7147
7091
7041
7041
6990
6940
6940
6896
6852
6852
6808
6764
6764
6731
6713
6713
6705
6705
6696
6681
6681
6650
6616
6616
6617
6622
6622
6634
6652
6652
6677
6701
6701
6734
6768
6768
6799
6831
6831
6862
6862
6896
6939
6939
6981
7026
7026
7070
7118
7118
7162
7199
7199
7230
7250
7250
7268
7284
7284
7284
7271
7271
7267
7249
7249
7232
7232
7211
7188
7188
7162
7136
7136
7116
7091
7091
7069
7047
7047
7027
7010
7010
6997
6985
6985
6974
6969
6969
6969
6978
6978
6981
6981
6993
7009
7009
7028
7046
7046
7062
7082
7082
7100
7114
7114
7132
7154
7154
7183
7211
7211
7239
7267
7267
7294
7294
7319
7342
7342
7366
7386
7386
7401
7408
7408
7410
7414
7414
7418
7423
7423
7429
7428
7428
7425
7422
7422
7420
7418
7418
7420
7420
7417
7416
7416
7422
7428
7428
7435
7446
7446
7458
7467
7467
7478
7492
7492
7504
7519
7519
7534
7549
7549
7567
7580
7580
7596
7596
7610
7620
7620
7630
7642
7642
7648
7651
7651
7653
7655
7655
7654
7647
7647
7641
7632
7632
7625
7616
7616
7609
7609
7605
7600
7600
7599
7593
7593
7590
7579
7579
7575
7566
7566
7560
7555
7555
7552
7540
7540
7535
7532
7532
7529
7527
7527
7525
7525
7527
7528
7528
7536
7543
7543
7550
7560
7560
7568
7575
7575
7578
7581
7581
7582
7588
7588
7588
7583
7583
7574
7574
7570
7562
7562
7551
7540
7540
7530
7525
7525
7512
7505
7505
7497
7489
7489
7478
7467
7467
7458
7443
7443
7428
7416
7416
7407
7407
7399
7394
7394
7385
7380
7380
7376
7375
7375
7372
7372
7372
7378
7386
7386
7396
7407
7407
7417
7429
7429
7438
7444
7444
7452
7452
7460
7468
7468
7470
7476
7476
7483
7484
7484
7497
7502
7502
7508
7512
7512
7519
7522
7522
7528
7536
7536
7544
7544
7555
7559
7559
7562
7558
7558
7548
7537
7537
7527
7517
7517
7508
7495
7495
7484
7476
7476
7465
7454
7454
7443
7430
7430
7409
7409
7390
7369
7369
7348
7328
7328
7307
7283
7283
7256
7231
7231
7206
7179
7179
7149
7123
7123
7099
7077
7077
7053
7053
7031
7011
7011
6993
6982
6982
6976
6980
6980
6993
7010
7010
7033
7060
7060
7095
7136
7136
7183
7227
7227
7276
7324
7324
7366
7366
7411
7449
7449
7492
7521
7521
7534
7550
7550
7549
7539
7539
7520
7489
7489
7458
7424
7424
7387
7339
7339
7290
7239
7239
7181
7181
7122
7055
7055
6991
6926
6926
6865
6807
6807
6752
6703
6703
6662
6623
6623
6595
6574
6574
6560
6543
6543
6538
6538
6547
6561
6561
6585
6615
6615
6659
6698
6698
6736
6773
6773
6818
6865
6865
6904
6942
6942
6980
7012
7012
7029
7044
7044
7056
7056
7066
7072
7072
7081
7092
7092
7105
7118
7118
7124
7130
7130
7133
7135
7135
7138
7138
7138
7141
7144
7144
7145
7150
7150
7158
7158
7164
7172
7172
7183
7193
7193
7199
7207
7207
7208
7204
7204
7204
7198
7198
7192
7179
7179
7164
7151
7151
7138
7138
7125
7115
7115
7104
7090
7090
7076
7061
7061
7049
7036
7036
7024
7013
7013
7000
6989
6989
6979
6981
6981
6986
6997
6997
7015
7015
7034
7060
7060
7091
7122
7122
7154
7189
7189
7228
7269
7269
7302
7333
7333
7363
7387
7387
7409
7428
7428
7449
7449
7469
7483
7483
7493
7493
7493
7482
7471
7471
7451
7430
7430
7407
7390
7390
7371
7349
7349
7333
7317
7317
7301
7285
7285
7269
7269
7251
7236
7236
7227
7225
7225
7228
7234
7234
7245
7245
7260
7271
7271
7286
7299
7299
7307
7316
7316
7325
7325
7333
7342
7342
7354
7371
7371
7386
7400
7400
7412
7423
7423
7436
7448
7448
7462
7474
7474
7489
7508
7508
7526
7543
7543
7561
7561
7577
7592
7592
7625
7634
7634
7650
7664
7664
7669
7672
7672
7673
7668
7668
7658
7647
7647
7636
7623
7623
7609
7609
7598
7589
7589
7580
7570
7570
7558
7546
7546
7534
7518
7518
7505
7483
7483
