5975
5976
5976
5973
5968
5968
5964
5956
5956
5944
5929
5929
5912
5886
5886
5863
5838
5838
5815
5796
5796
5773
5747
5747
5722
5698
5698
5677
5677
5678
5629
5629
5604
5606
5606
5576
5560
5560
5532
5491
5491
5455
5432
5432
5433
5458
5458
5498
5556
5556
5620
5620
5689
5750
5750
5804
5860
5860
5887
5921
5921
5957
5980
5980
6010
6040
6040
6065
6092
6092
6115
6115
6139
6163
6163
6188
6188
6216
6245
6245
6273
6299
6299
6326
6326
6353
6383
6383
6412
6440
6440
6466
6495
6495
6518
6538
6538
6555
6571
6571
6580
6579
6579
6578
6571
6571
6557
6542
6542
6527
6527
6511
6492
6492
6477
6458
6458
6437
6413
6413
6387
6387
6360
6332
6332
6308
6308
6283
6258
6258
6233
6209
6209
6182
6182
6164
6130
6130
6116
6116
6098
6084
6084
6072
6072
6054
6036
6036
6023
6021
6021
6030
6030
6057
6095
6095
6139
6139
6188
6235
6235
6278
6278
6318
6344
6344
6365
6381
6381
6390
6396
6396
6401
6406
6406
6409
6409
6411
6414
6414
6418
6421
6421
6430
6441
6441
6459
6475
6475
6491
6506
6506
6521
6532
6532
6538
6535
6535
6530
6516
6516
6502
6502
6485
6462
6462
6440
6417
6417
6390
6364
6364
6335
6307
6307
6288
6267
6267
6248
6222
6222
6198
6165
6165
6137
6109
6109
6077
6077
6052
6026
6026
6002
5978
5978
5954
5931
5931
5908
5887
5887
5866
5841
5841
5813
5786
5786
5758
5736
5736
5718
5718
5705
5701
5701
5709
5716
5716
5727
5738
5738
5752
5764
5764
5777
5785
5785
5804
5816
5816
5838
5866
5866
5893
5935
5935
5983
5983
6040
6100
6100
6163
6222
6222
6283
6336
6336
6386
6430
6430
6468
6494
6494
6506
6504
6504
6481
6452
6452
6404
6404
6343
6273
6273
6197
6111
6111
6022
5935
5935
5857
5788
5788
5731
5684
5684
5654
5640
5640
5642
5654
5654
5673
5700
5700
5730
5730
5765
5792
5792
5805
5812
5812
5817
5817
5817
5816
5822
5822
5858
5912
5912
5952
5980
5980
6002
5991
5991
5991
6001
6001
5995
5995
5992
5984
5984
5978
5978
5978
5982
5988
5988
5997
6006
6006
6019
6037
6037
6059
6074
6074
6086
6098
6098
6103
6103
6106
6101
6101
6093
6080
6080
6063
6046
6046
6028
6020
6020
6012
6010
6010
6015
6018
6018
6024
6040
6040
6064
6089
6089
6110
6110
6128
6134
6134
6135
6129
6129
6124
6117
6117
6106
6101
6101
6089
6074
6074
6069
6056
6056
6037
6011
6011
5987
5987
5974
5968
5968
5970
5985
5985
6006
6033
6033
6063
6093
6093
6131
6174
6174
6213
6248
6248
6286
6325
6325
6369
6411
6411
6450
6450
6486
6518
6518
6548
6574
6574
6602
6624
6624
6647
6662
6662
6672
6675
6675
6678
6678
6678
6674
6668
6668
6659
6648
6648
6634
6634
6618
6608
6608
6598
6589
6589
6583
6584
6584
6581
6578
6578
6575
6567
6567
6561
6552
6552
6543
6533
6533
6515
6515
6493
6478
6478
6460
6438
6438
6420
6401
6401
6382
6368
6368
6353
6338
6338
6323
6314
6314
6307
6304
6304
6294
6286
6286
6280
6280
6271
6262
6262
6255
6250
6250
6247
6250
6250
6248
6244
6244
6242
6241
6241
6240
6237
6237
6237
6237
6237
6239
6239
6246
6253
6253
6260
6262
6262
6257
6251
6251
6240
6231
6231
6224
6208
6208
6195
6181
6181
6168
6153
6153
6144
6134
6134
6124
6124
6116
6110
6110
6108
6107
6107
6112
6116
6116
6127
6137
6137
6140
6143
6143
6149
6154
6154
6157
6160
6160
6163
6170
6170
6172
6172
6176
6181
6181
6188
6198
6198
6207
6216
6216
6227
6242
6242
6260
6276
6276
6287
6295
6295
6301
6299
6299
6295
6295
6294
6291
6291
6291
6282
6282
6271
6255
6255
6237
6214
6214
6195
6172
6172
6147
6121
6121
6096
6066
6066
6039
6015
6015
5990
5990
5962
5934
5934
5915
5896
5896
5879
5869
5869
5861
5855
5855
5852
5848
5848
5840
5833
5833
5826
5815
5815
5801
5801
5783
5767
5767
5752
5731
5731
5710
5697
5697
5691
5691
5691
5694
5698
5698
5705
5718
5718
5733
5749
5749
5772
5794
5794
5819
5819
5854
5888
5888
5926
5953
5953
5973
5976
5976
5970
5950
5950
5914
5854
5854
5779
5690
5690
5594
5500
5500
5401
5313
5313
5239
5239
5181
5142
5142
5114
5094
5094
5083
5087
5087
5112
5150
5150
5197
5249
5249
5301
5356
5356
5413
5466
5466
5513
5513
5558
5600
5600
5648
5695
5695
5734
5771
5771
5805
5830
5830
5848
5855
5855
5859
5847
5847
5830
5804
5804
5777
5757
5757
5723
5723
5699
5668
5668
5641
5614
5614
5586
5557
5557
5536
5519
5519
5510
5508
5508
5510
5515
5515
5521
5528
5528
5540
5555
5555
5575
5575
5602
5628
5628
5668
5702
5702
5740
5775
5775
5808
5836
5836
5858
5876
5876
5893
5911
5911
5925
5944
5944
5953
5953
5966
5974
5974
5976
5974
5974
5970
5963
5963
5956
5946
5946
5939
5926
5926
5912
5894
5894
5889
5886
5886
5889
5895
5895
5896
5896
5895
5900
5900
5911
5925
5925
5940
5959
5959
5977
6002
6002
6032
6066
6066
6108
6150
6150
6197
6248
6248
6306
6355
6355
6395
6395
6433
6461
6461
6486
6498
6498
6503
6504
6504
6501
6493
6493
6486
6476
6476
6468
6457
6457
6448
6445
6445
6444
6444
6443
6442
6442
6443
6443
6443
6449
6454
6454
6455
6462
6462
6466
6468
6468
6466
6466
6466
6464
6455
6455
6447
6447
6436
6421
6421
6412
6412
6409
6400
6400
6388
6376
6376
6366
6359
6359
6346
6324
6324
6304
6285
6285
6266
6257
6257
6252
6252
6253
6262
6262
6263
6255
6255
6253
6249
6249
6244
6236
6236
6233
6231
6231
6226
6228
6228
6232
6237
6237
6238
6238
6243
6249
6249
6255
6264
6264
6281
6300
6300
6320
6341
6341
6357
6367
6367
6370
6372
6372
6374
6370
6370
6358
6350
6350
6350
6350
6344
6325
6325
6305

