10636
10578
10578
10516
10460
10460
10406
10368
10368
10330
10300
10300
10279
10279
10254
10235
10235
10226
10217
10217
10208
10194
10194
10179
10171
10171
10162
10158
10158
10125
10048
10048
10111
10150
10150
10107
10107
10117
10129
10129
10138
10169
10169
10212
10249
10249
10286
10307
10307
10321
10324
10324
10312
10286
10286
10258
10202
10202
10133
10113
10113
10084
10084
10048
10026
10026
10005
9981
9981
9968
9960
9960
9956
9956
9962
9970
9970
9979
9979
9993
10017
10017
10037
10058
10058
10086
10109
10109
10129
10148
10148
10164
10177
10177
10189
10189
10197
10201
10201
10203
10199
10199
10188
10171
10171
10153
10127
10127
10104
10079
10079
10056
10034
10034
10011
9990
9990
9969
9969
9955
9948
9948
9935
9935
9925
9921
9921
9917
9917
9914
9912
9912
9909
9904
9904
9858
9858
9847
9877
9877
9875
9875
9859
9842
9842
9829
9829
9837
9858
9858
9877
9896
9896
9917
9917
9937
9957
9957
9973
9973
9984
9991
9991
9985
9985
10001
10009
10009
10016
10029
10029
10042
10062
10062
10085
10109
10109
10129
10156
10156
10175
10195
10195
10214
10233
10233
10245
10245
10253
10260
10260
10266
10275
10275
10282
10292
10292
10307
10321
10321
10342
10366
10366
10393
10424
10424
10455
10479
10479
10502
10527
10527
10546
10546
10563
10569
10569
10572
10568
10568
10564
10538
10538
10523
10525
10525
10502
10479
10479
10470
10477
10477
10494
10526
10526
10562
10562
10591
10623
10623
10659
10687
10687
10716
10732
10732
10743
10748
10748
10752
10760
10760
10771
10787
10787
10804
10824
10824
10848
10874
10874
10894
10894
10912
10927
10927
10950
10954
10954
10949
10947
10947
10912
10893
10893
10889
10859
10859
10823
10785
10785
10754
10734
10734
10718
10718
10706
10709
10709
10721
10745
10745
10774
10803
10803
10837
10872
10872
10912
10939
10939
10975
11010
11010
11043
11081
11081
11115
11156
11156
11185
11185
11215
11239
11239
11258
11276
11276
11290
11293
11293
11289
11269
11269
11241
11203
11203
11167
11116
11116
11061
11008
11008
10959
10911
10911
10859
10859
10806
10747
10747
10698
10651
10651
10618
10579
10579
10548
10570
10570
10578
10572
10572
10596
10625
10625
10653
10702
10702
10753
10753
10795
10835
10835
10866
10889
10889
10900
10904
10904
10897
10892
10892
10887
10873
10873
10861
10847
10847
10829
10822
10822
10817
10806
10806
10782
10782
10781
10765
10765
10739
10709
10709
10670
10634
10634
10589
10554
10554
10514
10479
10479
10453
10427
10427
10409
10395
10395
10382
10382
10371
10358
10358
10356
10354
10354
10357
10359
10359
10363
10388
10388
10414
10446
10446
10484
10514
10514
10538
10559
10559
10575
10582
10582
10585
10585
10587
10586
10586
10581
10576
10576
10567
10562
10562
10558
10558
10558
10558
10557
10557
10559
10552
10552
10548
10545
10545
10538
10527
10527
10518
10518
10504
10488
10488
10472
10461
10461
10447
10426
10426
10409
10390
10390
10378
10368
10368
10360
10357
10357
10365
10366
10366
10368
10368
10368
10371
10371
10374
10369
10369
10361
10354
10354
10343
10332
10332
10324
10315
10315
10313
10312
10312
10317
10323
10323
10329
10330
10330
10330
10330
10330
10333
10333
10336
10332
10332
10330
10330
10330
10324
10314
10314
10301
10287
10287
10274
10259
10259
10249
10239
10239
10229
10229
10221
10209
10209
10194
10181
10181
10172
10160
10160
10149
10139
10139
10132
10123
10123
10120
10122
10122
10129
10139
10139
10157
10184
10184
10212
10212
10248
10285
10285
10327
10368
10368
10404
10433
10433
10466
10492
10492
10513
10522
10522
10528
10522
10522
10510
10495
10495
10488
10483
10483
10485
10485
10483
10476
10476
10476
10479
10479
10483
10491
10491
10501
10511
10511
10520
10531
10531
10541
10547
10547
10548
10541
10541
10541
10541
10538
10528
10528
10528
10531
10531
10534
10539
10539
10549
10563
10563
10580
10596
10596
10623
10645
10645
10668
10683
10683
10699
10716
10716
10732
10732
10742
10747
10747
10745
10747
10747
10743
10734
10734
10734
10732
10732
10730
10727
10727
10725
10726
10726
10728
10732
10732
10736
10744
10744
10758
10758
10772
10792
10792
10820
10849
10849
10874
10898
10898
10922
10945
10945
10962
10971
10971
10976
10978
10978
10971
10966
10966
10955
10955
10951
10936
10936
10926
10913
10913
10904
10891
10891
10869
10842
10842
10818
10792
10792
10769
10741
10741
10716
10697
10697
10680
10666
10666
10658
10658
10662
10667
10667
10682
10707
10707
10731
10771
10771
10810
10849
10849
10909
10970
10970
11019
11050
11050
11062
11066
11066
11057
11057
11042
11021
11021
11003
10981
10981
10953
10925
10925
10897
10870
10870
10843
10821
10821
10805
10785
10785
10769
10754
10754
10710
10685
10685
10675
10675
10652
10613
10613
10589
10575
10575
10548
10521
10521
10490
10489
10489
10482
10460
10460
10455
10459
10459
10466
10451
10451
10441
10466
10466
10492
10492
10506
10519
10519
10529
10527
10527
10520
10501
10501
10479
10458
10458
10435
10406
10406
10382
10356
10356
10334
10320
10320
10314
10314
10307
10302
10302
10301
10296
10296
10291
10289
10289
10285
10285
10285
10287
10289
10289
10301
10310
10310
10314
10317
10317
10317
10312
10312
10303
10303
10294
10279
10279
10263
10243
10243
10231
10218
10218
10201
10188
10188
10172
10147
10147
10129
10127
10127
10131
10132
10132
10134
10138
10138
10133
10133
10134
10129
10129
10132
10138
10138
10137
10137
10137
10153
10155
10155
10144
10144
10144
10160
10175
10175
10182
10194
10194
10199
10199
10210
10210
10210
10205
10200
10200
10200
10198
10198
10200
10203
10203
10211
10208
10208
10208
10198
10198
10182
10168
10168
10153
10130
10130
10108
10108
10098
10078
10078
10058
10036
10036
10023
10005
10005
9985
9973
9973
9962
9962
9964
9975
9975
9993
10018
10018
10039
10039
10063
10087
10087
10107
10128
10128
10151
10168
10168
10173
10182
10182
10177
10172
10172
10163
10156
10156
10152
10149
10149
10150
10150
10147
10154
10154
10155
10154
10154
10157
10162
10162
10160
10157
10157
10161
10168
10168
10179
10184
10184
10187
10195
10195
10200
10199
10199
10203
10203
10203
10198
10198
10188
10177
10177
10163
10158
10158
10159
10154
10154
10152
10159
10159
10168
10183
10183
10196

