8790
8786
8785
8783
8783
8781
8781
8784
8785
8785
8787
8788
8788
8789
8790
8790
8789
8787
8785
8784
8784
8784
8780
8777
8775
8777
8777
8777
8776
8776
8776
8776
8771
8772
8772
8774
8776
8776
8778
8783
8787
8789
8789
8792
8796
8796
8798
8797
8797
8797
8792
8793
8793
8793
8795
8791
8788
8788
8787
8787
8790
8786
8788
8786
8786
8781
8784
8783
8782
8782
8782
8782
8777
8775
8768
8768
8767
8765
8769
8772
8772
8772
8770
8769
8766
8769
8769
8765
8765
8766
8767
8774
8774
8778
8780
8782
8783
8783
8786
8786
8786
8788
8787
8787
8790
8791
8791
8794
8794
8798
8797
8796
8794
8791
8791
8793
8790
8789
8784
8782
8782
8777
8777
8777
8776
8776
8777
8778
8775
8775
8774
8774
8774
8775
8779
8779
8779
8782
8781
8785
8788
8787
8787
8788
8789
8786
8787
8787
8782
8781
8780
8779
8779
8779
8779
8781
8784
8784
8784
8788
8788
8787
8788
8785
8785
8786
8789
8789
8786
8786
8786
8783
8784
8787
8788
8788
8796
8796
8802
8804
8804
8809
8805
8808
8810
8813
8813
8816
8817
8819
8819
8819
8823
8825
8832
8839
8847
8847
8848
8850
8849
8851
8851
8855
8856
8853
8848
8845
8845
8843
8841
8838
8838
8838
8840
8839
8836
8834
8831
8831
8827
8824
8819
8817
8817
8814
8809
8802
8794
8790
8790
8786
8780
8772
8767
8767
8765
8757
8747
8742
8735
8735
8730
8724
8715
8709
8709
8704
8698
8693
8683
8676
8676
8669
8660
8651
8643
8643
8635
8627
8618
8608
8601
8601
8596
8586
8578
8564
8564
8554
8544
8534
8525
8517
8517
8515
8515
8518
8519
8519
8517
8515
8516
8514
8509
8509
8507
8502
8500
8497
8497
8495
8493
8494
8491
8490
8490
8486
8482
8472
8466
8466
8464
8461
8459
8459
8463
8463
8465
8465
8463
8462
8462
8459
8458
8450
8446
8442
8442
8439
8431
8426
8422
8422
8417
8408
8401
8387
8377
8377
8368
8356
8345
8341
8341
8338
8331
8330
8325
8322
8322
8322
8320
8316
8290
8290
8264
8261
8104
8094
8144
8144
8190
7988
7873
7965
7965
8056
8126
8169
8188
8199
8199
8204
8196
8185
8185
8185
8196
8205
8219
8235
8252
8252
8267
8282
8297
8309
8309
8325
8338
8350
8361
8375
8375
8393
8410
8426
8440
8440
8449
8457
8472
8489
8516
8516
8550
8594
8636
8683
8683
8740
8796
8856
8914
8968
8968
9027
9087
9152
9214
9214
9271
9327
9385
9438
9506
9506
9587
9676
9761
9843
9843
9927
10020
10123
10246
10246
10404
10568
10718
10718
10863
11010
11142
11142
11262
11368
11469
11469
11562
11651
11728
11728
11786
11830
11830
11855
11872
11879
11879
11884
11870
11845
11845
11807
11754
11693
11693
11627
11554
11479
11479
11402
11322
11244
11244
11168
11092
11092
11024
10958
10897
10844
10844
10798
10761
10729
10700
10700
10681
10660
10645
10633
10622
10612
10612
10598
10580
10557
10535
10512
10488
10488
10466
10451
10438
10429
10418
10411
10411
10404
10394
10387
10372
10356
10337
10337
10314
10290
10264
10244
10228
10217
10217
10219
10221
10232
10244
10264
10283
10283
10299
10313
10321
10320
10316
10305
10305
10293
10276
10256
10232
10204
10171
10171
10138
10099
10057
10007
9955
9900
9900
9842
9777
9706
9631
9556
9556
9472
9384
9300
9213
9213
9126
9044
8964
8891
8823
8823
8768
8717
8670
8632
8632
8601
8582
8571
8568
8579
8579
8603
8635
8684
8742
8742
8812
8890
8982
9077
9179
9179
9292
9404
9526
9641
9641
9762
9876
9988
10089
10089
10178
10254
10313
10356
10356
10383
10396
10394
10394
10382
10356
10317
10317
10260
10186
10103
10020
10020
9935
9851
9773
9697
9697
9632
9570
9514
9461
9408
9408
9354
9305
9254
9210
9210
9166
9123
9088
9056
9031
9031
9008
8993
8991
8998
8998
9017
9041
9078
9119
9164
9164
9210
9257
9310
9357
9357
9402
9442
9483
9521
9558
9558
9592
9623
9652
9670
9670
9684
9688
9687
9682
9676
9676
9665
9646
9622
9592
9592
9556
9515
9474
9433
9396
9396
9362
9331
9305
9286
9286
9270
9257
9244
9233
9222
9222
9213
9208
9200
9199
9199
9192
9187
9184
9181
9179
9179
9177
9176
9180
9181
9181
9188
9199
9215
9236
9262
9262
9287
9312
9340
9370
9370
9405
9430
9458
9486
9510
9510
9530
9551
9565
9579
9579
9594
9602
9610
9619
9624
9624
9627
9626
9624
9623
9623
9622
9619
9612
9603
9594
9594
9583
9569
9556
9544
9544
9533
9519
9505
9492
9477
9477
9462
9447
9439
9428
9428
9425
9421
9419
9420
9421
9421
9425
9435
9445
9458
9458
9473
9488
9504
9523
9540
9540
9560
9577
9592
9603
9603
9613
9618
9622
9621
9618
9618
9610
9603
9592
9576
9576
9558
9539
9519
9500
9476
9476
9450
9423
9395
9364
9364
9336
9306
9274
9241
9209
9209
9178
9150
9122
9093
9093
9066
9035
9003
8971
8938
8938
8907
8876
8843
8812
8812
8782
8755
8727
8701
8679
8679
8654
8631
8611
8589
8589
8574
8559
8547
8534
8523
8523
8518
8512
8501
8497
8497
8492
8490
8488
8487
8490
8490
8494
8498
8503
8513
8513
8523
8530
8535
8545
8553
8553
8564
8576
8585
8597
8597
8610
8622
8639
8652
8668
8668
8686
8702
8718
8733
8733
8748
8765
8780
8794
8811
8811
8828
8844
8858
8874
8874
8891
8910
8923
8934
8945
8945
8957
8971
8981
8993
8993
9005
9016
9027
9038
9048
9048
9059
9067
9077
9088
9088
9099
9109
9119
9128
9140
9140
9154
9162
9174
9184
9184
9191
9199
9208
9214
9216
9216
9220
9224
9229
9229
9229
9227
9223
9219
9217
9217
9217
9214
9208
9199
9189
9189
9182
9175
9167
9160
9154
9154
9145
9136
9122
9111
9111
9101
9089
9075
9070
9062
9062
9054
9048
9040
9033
9033
9027
9020
9018
9012
9012
9012
9010
9006
9000
8996
8996
8996
8989
8984
8978
8972
8972
8965
8960
8957
8953
8953
8947
8942
8934
8927
8919
8919
8916
8909
8904
8903
8688
8691
8696
8696
8699
8706
8706
8713
8713
8718
8720
8720
8724
8724
8728
8729
8729
8730
8730
8725
8719
8719
8712
8708
8708
8692
8692
8690
8682
8682
8673
8673
8664
8653
8653
8640
8640
8633
8627
8627
8616
8604
8604
8596
8596
8590
8581
8581
8573
8573
8570
8564
8564
8559
8559
8557
8555
8555
8551
8552
8552
8553
8553
8555
8554
8554
8551
8551
8556
8554
8554
8561
8561
8566
8573
8573
8577
8581
8581
8586
8586
8588
8589
8589
8590
8590
8592
8592
8592
8592
8592
8591
8587
8587
8586
8586
8586
8581
8581
8573
8564
8564
8552
8552
8537
8524
8524
8513
8513
8501
8489
8489
8478
8469
8469
8457
8457
8442
8431
8431
8419
8419
8412
8403
8403
8397
8397
8393
8384
8384
8376
8370
8370
8365
8365
8362
8358
8358
8355
8355
8352
8353
8353
8355
8355
8359
8365
8365
8367
8371
8371
8374
8374
8378
8391
8391
8399
8399
8407
8420
8420
8429
8429
8441
8453
8453
8468
8482
8482
8491
8491
8503
8518
8518
8532
8532
8541
8548
8548
8560
8560
8568
8573
8573
8578
8582
8582
8579
8579
8570
8568
8568
8562
8562
8559
8545
8545
8531
8531
8521
8507
8507
8502
8498
8498
8496
8496
8494
8491
8491
8488
8488
8484
8476
8476
8469
8469
8462
8456
8456
8453
8449
8449
8445
8445
8447
8450
8450
8451
8451
8461
8463
8463
8470
8470
8479
8482
8482
8472
8466
8466
8481
8481
8515
8546
8546
8556
8556
8556
8546
8546
8536
8536
8525
8515
8515
8514
8523
8523
8540
8540
8565
8587
8587
8612
8612
8637
8662
8662
8680
8680
8708
8734
8734
8765
8803
8803
8847
8847
8904
8975
8975
9066
9066
9177
9322
9322
9517
9517
9781
10139
10139
10577
10577
11044
11456
11456
11762
11762
11941
11941
11951
11760
11760
11386
11386
10912
10912
10423
9988
9988
9634
9634
9372
9194
9194
9085
9085
9016
8974
8974
8945
8924
8924
8938
8938
9021
9216
9216
9533
9533
9928
10343
10343
10722
10722
11009
11160
11160
11150
11150
11009
11009
10787
10533
10533
10271
10271
10012
10012
9760
9516
9516
9287
9081
9081
8917
8917
8809
8762
8762
8768
8768
8812
8875
8875
8944
9028
9028
9125
9125
9246
9388
9388
9546
9546
9705
9846
9846
9954
9954
10021
10021
10038
10008
10008
9936
9936
9833
9717
9717
9595
9595
9479
9370
9370
9275
9201
9201
9149
9149
9125
9127
9127
9149
9149
9185
9236
9236
9293
9293
9356
9423
9423
9486
9541
9541
9577
9577
9597
9602
9602
9584
9584
9552
9511
9511
9464
9464
9417
9372
9372
9333
9333
9299
9273
9273
9259
9252
9252
9256
9256
9273
9307
9307
9352
9352
9401
9451
9451
9503
9503
9553
9599
9599
9636
9663
9663
9683
9683
9686
9675
9675
9649
9649
9617
9577
9577
9530
9530
9489
9443
9443
9403
9371
9371
9345
9345
9330
9319
9319
9318
9318
9325
9336
9336
9353
9353
9371
9383
9383
9400
9414
9414
9423
9423
9430
9434
9434
9429
9429
9418
9410
9410
9391
9391
9372
9356
9356
9337
9323
9323
9313
9313
9305
9302
9302
9302
9302
9309
9319
9319
9328
9328
9335
9347
9347
9352
9358
9358
9358
9358
9353
9343
9343
9323
9323
9304
9283
9283
9258
9258
9231
9205
9205
9187
9168
9168
9148
9148
9136
9132
9132
9129
9129
9132
9134
9134
9139
9139
9143
9150
9150
9156
9157
9157
9157
9157
9156
9155
9155
9155
9155
9146
9139
9139
9131
9131
9126
9117
9117
9110
9104
9104
9098
9098
9094
9093
9093
9094
9094
9096
9102
9102
9109
9109
9117
9122
9122
9127
9134
9134
9141
9141
9144
9142
9142
9134
9134
9126
9115
9115
9100
9100
9083
9069
9069
9056
9046
9046
9030
9030
9013
8992
8992
8972
8972
8952
8931
8931
8911
8911
8885
8859
8859
8833
8807
8807
8781
8781
8761
8740
8740
8720
8720
8704
8692
8692
8675
8675
8668
8659
8659
8653
8649
8649
8648
8648
8646
8647
8647
8646
8646
8650
8657
8657
8662
8662
8666
8675
8675
8679
8686
8686
8693
8693
8697
8704
8704
8705
8705
8712
8716
8716
8719
8719
8720
8724
8724
8726
8727
8727
8728
8728
8731
8733
8733
8735
8735
8740
8744
8744
8747
8747
8747
8748
8748
8744
8748
8748
8746
8746
8743
8740
8740
8733
8733
8728
8721
8721
8713
8713
8707
8701
8701
8697
8692
8692
8687
8687
8680
8674
8674
8670
8670
8665
8668
8668
8670
8670
8669
8670
8670
8663
8659
8659
8654
8654
8652
8655
8655
8653
8653
8657
8660
8660
8662
8662
8665
8674
8674
8670
8672
8672
8675
8675
8683
8688
8688
8692
8692
8696
8706
8706
8708
8708
8705
8704
8704
8703
8705
8705
8703
8703
8704
8702
8702
8703
8703
8701
8699
8699
8700
8700
8699
8700
8700
8703
8702
8702
8699
8699
8702
8707
8707
8711
8711
8716
8723
8723
8729
8729
8739
8747
8747
8753
8766
8766
8782
8782
8803
8821
8821
8835
8835
8851
8868
8868
8879
8879
8888
8896
8896
8898
8896
8896
8891
8891
8885
8872
8872
8859
8859
8844
8828
8828
8809
8809
8787
8769
8769
8754
8742
8742
8734
8734
8728
8719
8719
8713
8713
8710
8706
8706
8705
8705
8710
8712
8712
8715
8716
8716
8720
8720
8730
8737
8737
8746
8746
8757
8772
8772
8783
8783
8798
8812
8812
8828
8843
8843
8856
8856
8867
8877
8877
8889
8889
8898
8901
8901
8908
8908
8913
8914
8914
8915
8915
8915
8914
8914
8909
8906
8906
8904
8904
8901
8898
8898
8892
8892
8887
8878
8878
8870
8865
8865
8861
8861
8858
8857
8857
8852
8852
8853
8855
8855
8856
8856
8857
8857
8857
8858
8861
8861
8859
8859
8860
8859
8859
8856
8856
8854
8854
8854
8846
8846
8843
8837
8837
8832
8828
8828
8821
8821
8815
8814
8814
8812
8812
8808
8804
8804
8798
8798
8795
8794
8794
8794
8792
8792
8796
8796
8798
8798
8798
8800
8800
8802
8806
8806
8806
8806
8811
8814
8814
8812
8815
8815
8819
9118
9133
9139
9139
9146
9146
9145
9143
9143
9137
9137
9128
9119
9119
9106
9106
9087
9068
9068
9051
9033
9033
9013
9013
8994
8974
8974
8951
8951
8932
8915
8915
8896
8896
8883
8870
8870
8855
8846
8846
8837
8837
8834
8828
8828
8829
8829
8832
8838
8838
8848
8848
8861
8876
8876
8887
8902
8902
8910
8910
8923
8930
8930
8940
8940
8949
8958
8958
8967
8967
8974
8976
8976
8979
8982
8982
8986
8986
8987
8987
8987
8985
8985
8985
8987
8987
8984
8984
8980
8976
8976
8968
8960
8960
8952
8952
8946
8942
8942
8941
8941
8940
8937
8937
8937
8937
8934
8930
8930
8925
8916
8916
8906
8906
8894
8879
8879
8865
8865
8856
8847
8847
8845
8845
8850
8856
8856
8866
8883
8883
8904
8904
8919
8935
8935
8949
8949
8963
8972
8972
8977
8977
8982
8981
8981
8980
8976
8976
8972
8972
8961
8954
8954
8945
8945
8939
8930
8930
8922
8922
8915
8910
8910
8903
8897
8897
8888
8888
8884
8881
8881
8878
8878
8874
8871
8871
8871
8871
8867
8865
8865
8864
8859
8859
8854
8854
8844
8827
8827
8815
8815
8806
8800
8800
8801
8801
8802
8800
8800
8798
8797
8797
8792
8792
8783
8779
8779
8778
8778
8771
8765
8765
8762
8762
8762
8761
8761
8760
8765
8765
8769
8769
8778
8789
8789
8802
8802
8812
8825
8825
8839
8839
8851
8864
8864
8869
8877
8877
8881
8881
8888
8891
8891
8888
8888
8884
8882
8882
8880
8880
8872
8861
8861
8851
8840
8840
8830
8830
8820
8811
8811
8802
8802
8791
8783
8783
8771
8771
8763
8753
8753
8744
8735
8735
8729
8729
8725
8716
8716
8707
8707
8702
8697
8697
8691
8691
8690
8687
8687
8687
8687
8687
8690
8690
8696
8701
8701
8708
8708
8713
8714
8714
8715
8715
8716
8724
8724
8730
8732
8732
8731
8731
8732
8735
8735
8734
8734
8740
8741
8741
8743
8743
8741
8741
8741
8739
8739
8739
8740
8740
8738
8733
8733
8729
8729
8730
8725
8725
8723
8723
8723
8721
8721
8721
8717
8717
8714
8714
8704
8713
8713
8712
8712
8714
8710
8710
8708
8708
8710
8714
8714
8718
8728
8728
8736
8736
8743
8751
8751
8755
8755
8764
8771
8771
8780
8780
8792
8797
8797
8802
8809
8809
8820
8820
8831
8837
8837
8856
8856
8872
8890
8890
8906
8906
8922
8936
8936
8952
8963
8963
8979
8979
8991
9006
9006
9017
9017
9032
9039
9039
9046
9046
9051
9058
9058
9061
9059
9059
9058
9058
9058
9053
9053
9050
9050
9046
9042
9042
9035
9035
9028
9019
9019
9011
9008
9008
9002
9002
8997
8993
8993
8984
8984
8975
8967
8967
8959
8959
8951
8937
8937
8923
8909
8909
8894
8894
8875
8855
8855
8833
8833
8808
8779
8779
8752
8752
8726
8702
8702
8682
8662
8662
8647
8647
8632
8620
8620
8611
8611
8605
8597
8597
8592
8592
8587
8583
8583
8586
8585
8585
8587
8587
8590
8590
8590
8589
8589
8592
8593
8593
8595
8595
8598
8600
8600
8600
8600
8600
8595
8595
8596
8595
8595
8598
8598
8596
8592
8592
8590
8590
8584
8581
8581
8577
8572
8572
8569
8569
8561
8554
8554
8546
8546
8538
8533
8533
8530
8530
8529
8524
8524
8516
8510
8510
8500
8500
8491
8486
8486
8486
8486
8493
8506
8506
8513
8513
8516
8505
8505
8485
8470
8470
8450
8450
8441
8435
8435
8433
8433
8442
8449
8449
8464
8464
8482
8497
8497
8508
8522
8522
8533
8533
8546
8555
8555
8564
8564
8570
8580
8580
8586
8586
8594
8593
8593
8598
8600
8600
8601
8601
8598
8592
8592
8589
8589
8590
8588
8588
8584
8584
8579
8577
8577
8572
8572
8572
8573
8573
8574
8572
8572
8574
8574
8569
8574
8574
8573
8573
8574
8575
8575
8578
8583
8583
8586
8586
8591
8594
8594
8594
8594
8598
8594
8594
8592
8592
8589
8587
8587
8585
8581
8581
8576
8576
8571
8572
8572
8572
8572
8574
8577
8577
8579
8579
8584
8590
8590
8601
8609
8609
8620
8620
8637
8657
8657
8677
8677
8703
8727
8727
8756
8756
8784
8818
8818
8854
8900
8900
8945
8945
9002
9067
9067
9136
9136
9216
9296
9296
9378
9378
9463
9560
9560
9665
9777
9777
9893
9893
10020
10157
10157
10312
10475
10475
10659
10861
10861
11084
11337
11337
11617
11617
11934
12286
12286
12682
13124
13124
13618
14152
14152
14695
14695
15210
15210
15654
15975
15975
16132
16132
16066
16066
15719
15719
15101
14256
14256
13284
13284
12277
12277
11320
11320
10486
9827
9827
9287
9287
8824
8308
8308
7955
7955
7702
7516
7516
7392
7308
7308
7249
7249
7194
7154
7154
7144
7180
7180
7276
7276
7439
7649
7649
7891
7891
8157
8433
8433
8725
8725
9025
9334
9334
9627
9891
9891
10208
10208
10708
11078
11078
11402
11657
11657
11870
11870
12013
12065
12065
12043
12043
11976
11884
11884
11771
11771
11676
11676
11619
11619
11596
11596
11596
11596
11591
11556
11556
11456
11456
11284
11284
11043
11043
10761
10761
10489
10252
10252
10053
9894
9894
9776
9715
9715
9716
9716
9769
9861
9861
9972
9972
10094
10202
10202
10288
10350
10350
10386
10389
10389
10367
10367
10320
10259
10259
10183
10183
10091
9988
9988
9874
9874
9739
9589
9589
9427
9427
9261
9103
9103
8966
8853
8853
8762
8762
8699
8658
8658
8635
8635
8628
8629
8629
8639
8639
8657
8673
8673
8682
8712
8712
8726
8726
8747
8766
8766
8785
8785
8809
8834
8834
8860
8860
8889
8918
8918
8949
8984
8984
9024
9024
9070
9117
9117
9174
9174
9241
9308
9308
9387
9387
9479
9572
9572
9668
9763
9763
9855
9855
9944
10027
10027
10101
10171
10171
10225
10225
10272
10302
10302
10324
10339
10339
10338
10328
10328
10312
10291
10291
10264
10229
10229
10191
10149
10149
10110
10071
10071
10038
10010
10010
9982
9982
9961
9944
9944
9929
9929
9921
9916
9916
9917
9913
9913
9914
9914
9916
9920
9920
9922
9922
9924
9925
9925
9925
9925
9927
9918
9918
9909

