5085
5088
5088
5088
5084
5080
5078
5071
5071
5067
5055
5047
5042
5041
5041
5042
5043
5044
5042
5042
5041
5042
5046
5046
5049
5049
5048
5046
5046
5044
5044
5039
5035
5026
5015
5007
5007
4997
4985
4970
4957
4957
4948
4936
4925
4918
4916
4916
4912
4904
4900
4898
4898
4898
4897
4902
4908
4911
4911
4916
4919
4922
4926
4926
4927
4929
4930
4928
4932
4932
4936
4937
4941
4945
4945
4947
4953
4960
4964
4967
4967
4969
4970
4972
4971
4971
4972
4972
4970
4963
4955
4955
4944
4934
4926
4918
4918
4912
4900
4889
4884
4880
4880
4876
4873
4867
4862
4862
4859
4857
4856
4855
4858
4858
4864
4878
4892
4903
4903
4917
4927
4932
4943
4946
4946
4953
4957
4959
4960
4960
4963
4965
4960
4954
4949
4949
4943
4940
4935
4938
4938
4937
4934
4938
4940
4941
4941
4942
4944
4942
4935
4935
4933
4928
4921
4918
4916
4916
4912
4911
4911
4911
4911
4909
4909
4907
4902
4898
4898
4898
4897
4893
4888
4888
4887
4884
4878
4869
4862
4862
4856
4847
4838
4830
4830
4829
4825
4821
4819
4813
4813
4806
4793
4786
4776
4776
4772
4764
4758
4756
4754
4754
4752
4760
4772
4788
4788
4808
4832
4856
4877
4900
4900
4923
4946
4974
4998
4998
5024
5052
5078
5109
5142
5142
5173
5210
5247
5285
5320
5320
5358
5399
5443
5489
5489
5541
5594
5646
5697
5747
5747
5801
5860
5917
5981
5981
6047
6116
6193
6277
6361
6361
6449
6538
6630
6718
6718
6809
6898
6988
7073
7165
7165
7257
7350
7445
7547
7547
7649
7746
7836
7921
7998
7998
8062
8117
8138
8123
8123
8120
8133
8159
8183
8209
8209
8234
8265
8289
8309
8309
8329
8344
8358
8372
8387
8387
8404
8421
8442
8465
8465
8489
8519
8544
8567
8590
8590
8604
8618
8630
8642
8642
8655
8665
8670
8676
8679
8679
8682
8687
8692
8706
8706
8715
8730
8750
8773
8791
8791
8806
8820
8829
8829
8829
8819
8798
8773
8746
8707
8707
8665
8621
8579
8541
8541
8398
8382
8388
8042
8089
8089
8217
8333
8026
7842
7842
8009
8151
8325
8307
8386
8386
8436
8462
8433
8379
8379
8302
8222
8147
8069
8004
8004
7942
7895
7857
7824
7824
7780
7738
7687
7629
7566
7566
7489
7406
7329
7260
7260
7207
7166
7141
7117
7080
7080
7002
6865
6680
6459
6459
6198
5907
5610
5330
5065
5065
4815
4563
4295
4010
4010
3707
3388
3077
2792
2538
2538
2260
1903
1463
954
954
507
266
142
75
75
42
24
15
15
8
6
3
3
2
1
1
1
2
0
0
0
0
0
0
0
0
0
0
0
0
0
0
0
0
0
0
0
0
0
0
0
0
0
0
0
0
0
0
5
80
211
211
378
563
750
927
927
1089
1233
1362
1474
1575
1675
1675
1785
1915
2056
2201
2352
2498
2498
2634
2747
2844
2909
2952
2973
2973
2983
2993
3002
3017
3047
3099
3099
3177
3274
3379
3474
3547
3591
3591
3603
3574
3511
3415
3299
3170
3170
3042
2930
2840
2771
2727
2700
2700
2694
2705
2730
2767
2808
2859
2859
2916
2976
3041
3115
3192
3270
3270
3353
3439
3526
3621
3621
3735
3866
4008
4155
4306
4306
4450
4588
4723
4857
4857
4981
5099
5202
5292
5358
5358
5400
5408
5385
5329
5329
5241
5122
4967
4791
4587
4587
4360
4106
3834
3545
3545
3243
2930
2603
2277
1943
1943
1599
1259
930
614
614
332
169
87
45
45
24
13
7
3
3
2
1
1
2
64
204
402
402
637
883
1125
1352
1352
1555
1728
1878
2006
2006
2132
2255
2378
2508
2641
2641
2779
2915
3054
3179
3179
3298
3408
3505
3585
3651
3651
3704
3735
3748
3743
3743
3723
3695
3660
3623
3589
3589
3559
3528
3499
3466
3466
3418
3362
3320
3291
3285
3285
3294
3319
3350
3389
3389
3438
3492
3563
3651
3760
3760
3891
4042
4207
4387
4387
4565
4736
4895
5034
5153
5153
5255
5338
5411
5476
5476
5540
5597
5643
5684
5724
5724
5772
5821
5878
5936
5936
5999
6065
6128
6193
6251
6251
6312
6364
6406
6435
6454
6454
6465
6466
6456
6444
6444
6425
6407
6390
6373
6364
6364
6356
6355
6356
6365
6365
6388
6412
6441
6471
6504
6504
6537
6572
6611
6648
6648
6683
6712
6735
6759
6780
6780
6798
6814
6830
6840
6840
6843
6845
6845
6841
6837
6837
6832
6827
6822
6806
6806
6785
6756
6726
6690
6647
6647
6593
6535
6475
6411
6411
6338
6258
6175
6095
6019
6019
5947
5881
5822
5775
5775
5737
5705
5685
5672
5666
5666
5661
5661
5669
5678
5678
5697
5720
5741
5770
5801
5801
5837
5876
5925
5972
5972
6024
6075
6128
6178
6235
6235
6290
6339
6388
6432
6432
6478
6523
6564
6607
6653
6653
6700
6745
6791
6839
6839
6885
6934
6985
7034
7083
7083
7127
7169
7206
7245
7245
7276
7304
7328
7345
7355
7355
7362
7364
7359
7353
7353
7342
7327
7307
7285
7255
7255
7226
7194
7163
7127
7127
7095
7056
7019
6979
6934
6934
6887
6839
6786
6732
6732
6677
6624
6571
6518
6462
6462
6409
6355
6301
6243
6243
6186
6132
6074
6022
5973
5973
5918
5866
5814
5764
5764
5718
5669
5618
5572
5528
5528
5484
5443
5396
5358
5358
5317
5273
5232
5188
5153
5153
5115
5079
5043
5008
5008
4972
4939
4903
4869
4830
4830
4795
4760
4724
4690
4690
4656
4625
4597
4575
4554
4554
4539
4529
4519
4514
4514
4513
4517
4520
4524
4529
4529
4539
4547
4556
4566
4566
4578
4589
4602
4615
4622
4622
4627
4635
4648
4659
4659
4674
4688
4702
4711
4722
4722
4732
4737
4742
4739
4739
4738
4738
4733
4726
4717
4717
4709
4702
4699
4693
4693
4688
4687
4685
4689
4694
4694
4694
4698
4704
4709
4709
4715
4723
4730
4740
4747
4747
4751
4759
4763
4766
4766
6292
6277
6277
6262
6241
6241
6222
6204
6204
6188
6188
6176
6170
6170
6166
6166
6166
6175
6175
6194
6194
6217
6248
6248
6283
6324
6324
6370
6370
6418
6467
6467
6519
6519
6570
6620
6620
6664
6664
6713
6755
6755
6799
6844
6844
6884
6884
6915
6940
6940
6963
6963
6988
7010
7010
7029
7029
7042
7049
7049
7053
7051
7051
7048
7048
7041
7030
7030
7015
7015
7001
6988
6988
6969
6969
6951
6932
6932
6916
6900
6900
6887
6887
6872
6860
6860
6854
6854
6853
6854
6854
6868
6868
6891
6920
6920
6957
7003
7003
7056
7056
7111
7173
7173
7241
7241
7315
7386
7386
7461
7461
7535
7606
7606
7681
7751
7751
7818
7818
7877
7939
7939
7996
7996
8049
8096
8096
8138
8138
8177
8216
8216
8251
8283
8283
8311
8311
8333
8352
8352
8365
8365
8373
8373
8373
8366
8366
8355
8334
8334
8311
8291
8291
8266
8266
8233
8193
8193
8146
8146
8097
8043
8043
7985
7985
7926
7871
7871
7807
7741
7741
7676
7676
7609
7545
7545
7485
7485
7436
7388
7388
7348
7348
7322
7302
7302
7287
7285
7285
7298
7298
7315
7335
7335
7362
7362
7401
7447
7447
7486
7486
7527
7563
7563
7597
7637
7637
7668
7668
7699
7733
7733
7764
7764
7798
7827
7827
7862
7862
7878
7894
7894
7907
7914
7914
7910
7910
7898
7877
7877
7856
7856
7834
7809
7809
7762
7762
7715
7690
7690
7655
7569
7569
7457
7457
7367
7317
7317
7299
7299
7296
7295
7295
7287
7287
7267
7215
7215
7133
7038
7038
6930
6930
6815
6695
6695
6568
6568
6434
6281
6281
6109
6109
5905
5663
5663
5370
5021
5021
4595
4595
4057
3395
3395
2564
2564
1531
792
792
411
411
216
113
113
61
61
34
19
19
11
11
7
7
5
5
3
3
150
864
864
1885
2918
2918
3794
3794
4413
4775
4775
4914
4874
4874
4671
4671
4328
3810
3810
3018
3018
1910
961
961
486
486
247
127
127
65
65
34
19
19
11
11
5
5
91
91
463
1008
1008
1616
2233
2233
2846
2846
3440
3980
3980
4407
4407
4671
4761
4761
4701
4701
4515
4204
4204
3777
3225
3225
2574
2574
1864
1160
1160
598
598
302
153
153
78
78
112
112
339
722
722
1189
1189
1679
2139
2139
2543
2543
2881
3143
3143
3328
3440
3440
3483
3483
3459
3380
3380
3253
3253
3091
2894
2894
2674
2674
2446
2231
2231
2045
1908
1908
1833
1833
1826
1897
1897
2041
2041
2239
2460
2460
2685
2685
2892
3068
3068
3204
3299
3299
3343
3343
3337
3282
3282
3179
3179
3040
2874
2874
2697
2697
2514
2333
2333
2171
2037
2037
1931
1931
1869
1846
1846
1874
1874
1945
2056
2056
2192
2192
2344
2502
2502
2656
2793
2793
2906
2906
2986
3035
3035
3058
3058
3031
2978
2978
2894
2894
2786
2665
2665
2546
2430
2430
2326
2326
2242
2181
2181
2140
2140
2119
2120
2120
2139
2139
2173
2219
2219
2279
2345
2345
2411
2411
2471
2512
2512
2527
2527
2529
2513
2513
2473
2473
2419
2360
2360
2306
2255
2255
2219
2219
2202
2214
2214
2258
2258
2328
2423
2423
2538
2538
2663
2793
2793
2929
3054
3054
3166
3166
3259
3332
3332
3381
3381
3410
3420
3420
3418
3418
3406
3394
3394
3382
3371
3371
3355
3355
3347
3345
3345
3354
3354
3374
3404
3404
3438
3438
3475
3514
3514
3558
3593
3593
3624
3624
3650
3674
3674
3691
3691
3704
3711
3711
3705
3705
3693
3679
3679
3667
3659
3659
3643
3643
3632
3636
3636
3659
3659
3693
3735
3735
3793
3793
3868
3944
3944
4020
4090
4090
4157
4157
4227
4311
4311
4413
4413
4532
4656
4656
4787
4787
4921
5051
5051
5180
5305
5305
5428
5428
5546
5659
5659
5756
5756
5848
5937
5937
6020
6020
6095
6166
6166
6233
6294
6294
6343
6343
6384
6410
6410
6428
6428
6435
6434
6434
6428
6428
6413
6393
6393
6380
6369
6369
6355
6355
6338
6325
6325
6312
6312
6300
6284
6284
6270
6270
6256
6246
6246
6245
6245
6244
6243
6243
6242
6242
6242
6244
6244
6244
6249
6249
6252
6252
6264
6274
6274
6289
6289
6310
6331
6331
6357
6383
6383
6415
6415
6450
6493
6493
6535
6535
6582
6627
6627
6664
6664
6697
6726
6726
6753
6780
6780
6807
6807
6832
6858
6858
6882
6882
6901
6916
6916
6930
6930
6936
6942
6942
6945
6952
6952
6950
6950
6948
6942
6942
6935
6935
6917
6899
6899
6878
6878
6859
6838
6838
6814
6790
6790
6764
6764
6742
6726
6726
6703
6703
6684
6667
6667
6654
6654
6644
6637
6637
6628
6622
6622
6618
6618
6615
6614
6614
6613
6613
6610
6607
6607
6597
6597
6591
6579
6579
6560
6533
6533
6503
6503
6470
6433
6433
6387
6387
6335
6275
6275
6205
6205
6132
6050
6050
5967
5878
5878
5782
5782
5688
5595
5595
5508
5508
5437
5377
5377
5334
5334
5303
5289
5289
5291
5305
5305
5335
5335
5377
5431
5431
5499
5499
5572
5650
5650
5726
5726
5800
5869
5869
5934
5994
5994
6046
6046
6092
6131
6131
6162
6162
6179
6186
6186
6180
6180
6167
6143
6143
6115
6074
6074
6030
6030
5979
5924
5924
5865
5865
5806
5739
5739
5672
5672
5604
5534
5534
5465
5403
5403
5344
5344
5286
5233
5233
5186
5186
5143
5110
5110
5080
5080
5061
5053
5053
5058
5066
5066
5081
5081
5101
5126
5126
5150
5150
5181
5210
5210
5240
5240
5265
5283
5283
5299
5310
5310
5322
5322
5332
5344
5344
5347
5347
5346
5342
5342
5344
5344
5340
5344
5344
5347
5348
5348
5356
5356
5363
5371
5371
5385
5385
5403
5417
5417
5436
5436
5455
5474
5474
5494
5516
5516
5539
5539
5558
5578
5578
5598
5598
5614
5628
5628
5645
5645
5658
5666
5666
5671
5676
5676
5679
5679
5680
5675
5675
5667
5667
5658
5646
5646
5633
5633
5617
5601
5601
5578
5560
4799
4788
4788
4791
4803
4803
4836
4836
4884
4943
4943
5015
5015
5098
5193
5193
5292
5292
5394
5497
5497
5597
5697
5697
5797
5797
5895
5982
5982
6068
6068
6148
6217
6217
6277
6277
6333
6385
6385
6423
6458
6458
6484
6484
6501
6507
6507
6504
6504
6489
6464
6464
6436
6436
6404
6377
6377
6343
6308
6308
6274
6274
6243
6211
6211
6182
6182
6150
6119
6119
6094
6094
6071
6053
6053
6037
6026
6026
6019
6019
6018
6014
6014
6010
6010
6006
6004
6004
6007
6007
6017
6033
6033
6050
6072
6072
6093
6093
6115
6131
6131
6145
6145
6159
6166
6166
6166
6166
6162
6160
6160
6155
6152
6152
6150
6150
6148
6146
6146
6139
6139
6125
6099
6099
6059
6059
6010
5956
5956
5892
5835
5835
5773
5773
5718
5674
5674
5629
5629
5592
5555
5555
5524
5524
5490
5465
5465
5445
5429
5429
5415
5415
5408
5406
5406
5409
5409
5411
5412
5412
5407
5407
5399
5389
5389
5383
5377
5377
5370
5370
5364
5361
5361
5365
5365
5366
5367
5367
5367
5367
5361
5359
5359
5360
5368
5368
5383
5383
5404
5425
5425
5447
5447
5470
5488
5488
5507
5507
5527
5545
5545
5562
5578
5578
5595
5595
5610
5626
5626
5638
5638
5649
5650
5650
5648
5648
5638
5632
5632
5619
5604
5604
5590
5590
5573
5552
5552
5525
5525
5497
5469
5469
5449
5449
5435
5423
5423
5417
5411
5411
5412
5412
5414
5422
5422
5434
5434
5453
5481
5481
5515
5515
5551
5598
5598
5644
5686
5686
5730
5730
5775
5822
5822
5871
5871
5928
5978
5978
6033
6033
6082
6123
6123
6162
6196
6196
6230
6230
6258
6289
6289
6313
6313
6336
6348
6348
6357
6357
6358
6364
6364
6366
6366
6366
6357
6357
6349
6338
6338
6324
6324
6308
6295
6295
6281
6281
6269
6260
6260
6250
6238
6238
6232
6232
6227
6227
6227
6229
6229
6232
6237
6237
6239
6239
6238
6243
6243
6249
6256
6256
6267
6267
6279
6291
6291
6303
6303
6316
6330
6330
6345
6345
6361
6374
6374
6381
6389
6389
6390
6390
6386
6382
6382
6380
6380
6376
6367
6367
6358
6358
6343
6323
6323
6302
6282
6282
6258
6258
6231
6202
6202
6176
6176
6147
6113
6113
6074
6074
6037
6001
6001
5961
5920
5920
5868
5868
5818
5764
5764
5705
5705
5647
5587
5587
5525
5525
5467
5408
5408
5352
5299
5299
5246
5246
5200
5155
5155
5113
5113
5076
5040
5040
5016
5016
4993
4978
4978
4966
4958
4958
4949
4949
4941
4933
4933
4932
4932
4932
4933
4933
4938
4938
4940
4944
4944
4945
4951
4951
4954
4954
4967
4980
4980
5000
5000
5023
5053
5053
5092
5092
5142
5196
5196
5260
5329
5329
5406
5406
5489
5579
5579
5670
5670
5767
5861
5861
5952
5952
6044
6132
6132
6215
6294
6294
6367
6367
6440
6506
6506
6566
6566
6624
6673
6673
6715
6715
6756
6796
6796
6833
6871
6871
6902
6902
6934
6962
6962
6990
6990
7021
7049
7049
7079
7079
7104
7138
7138
7174
7215
7215
7252
7252
7288
7326
7326
7364
7364
7404
7442
7442
7482
7482
7525
7571
7571
7614
7672
7672
7730
7730
7788
7835
7835
7882
7882
7927
7970
7970
8017
8017
8066
8120
8120
8170
8218
8218
8244
8244
8262
8255
8255
8230
8230
8204
8190
8190
8209
8209
8252
8311
8311
8376
8441
8441
8498
8498
8544
8571
8571
8583
8583
8578
8560
8560
8538
8507
8507
8475
8475
8439
8400
8400
8362
8362
8327
8297
8297
8275
8275
8255
8243
8243
8238
8232
8232
8227
8227
8224
8224
8224
8224
8224
8225
8226
8226
8226
8226
8229
8234
8234
8240
8244
8244
8249
8249
8251
8254
8254
8256
8256
8260
8253
8253
8247
8247
8243
8234
8234
8228
8215
8215
8200
8200
8183
8162
8162
8140
8140
8121
8099
8099
8080
8080
8068
8056
8056
8045
8028
8028
8011
8011
7992
7969
7969
7942
7942
7915
7885
7885
7854
7854
7813
7761
7761
7703
7642
7642
7577
7577
7506
7431
7431
7350
7350
7262
7169
7169
7067
7067
6964
6855
6855
6748
6635
6635
6514
6514
6384
6257
6257
6120
6120
5971
5823
5823
5688
5688
5563
5449
5449
5340
5241
5241
5148
5148
5060
4973
4973
4876
4876
4760
4619
4619
4449
4237
4237
3980
3668
3668
3280
2799
2799
2216
1513
1513
805
805
417
217
217
115
62
62
35
35
19
19
11
6
6
4
4
3
3
1
1
0
0
1
1
0
335
335
1279
1279
2503
3764
3764
5079
5079
6394
7416
7416
8186
8809
8809
9274
9274
9594
9806
9806
9948
9948
10039
10058
10058
9978
9790
9790
9500
9500
9134
8699
8699
8209
8209
7671
7073
7073
6408
5679
5679
4935
4935
4189
3294
3294
2128
1142
1142
595
595
311
166
166
88
88
48
27
27
16
16
9
9
6
1
1
2
2
1
1
1
1
0
0
0
0
0
0
0
85
85
522
522
1140
1768
1768
2339
2819
2819
3170
3170
3344
3302
3302
3077
3077
2746
2354
2354
1941
1941
1552
1219
1219
967
798
798
701
671
671
682
682
722
781
781
858
858
957
1098
1098
1306
1306
1592
1948
1948
2361
2361
2809
3267
3267
3711
4132
4132
4519
4519
4874
5190
5190
5470
5470
5718
5931
5931
6116
6116
6275
6413
6413
6523
6605
6605
6663
6663
6693
6696
6696
6672
6672
6623
6555
6555
6468
6468
6359
6236
6236
6099
5943
5943
5773
5773
5585
5376
5376
5157
5157
4922
4677
4677
4429
4429
4185
3944
3944
3708
3489
3489
3291
3291
3108
2946
2946
2811
2697
2697
2612
2550
2550
2516
2508
2508
2525
2566
2566
2634
2634
2722
2828
2828
2955
3095
3095
3241
3388
3388
3527
3654
3654
3761
3843
3843
3917
3917
3969
4004
4004
4022
4025
4025
4013
4013
3991
3964
3964
3936
3936
3904
3863
3863
3825
3825
3781
3738
3738
3702
3678
3678
3669
