8107
8106
8106
8107
8107
8106
8101
8101
8098
8098
8093
8085
8080
8080
8078
8079
8075
8076
8076
8069
8063
8062
8054
8054
8054
8051
8044
8038
8036
8036
8035
8036
8028
8023
8021
8021
8013
8009
8006
8002
8002
8000
8000
7997
7997
7993
7993
7993
7989
7990
7988
7988
7986
7983
7985
7988
7992
7992
7992
7992
7995
7994
7994
7994
7996
8002
8007
8007
8007
8009
8010
8015
8020
8020
8023
8030
8031
8031
8030
8030
8035
8038
8045
8043
8043
8047
8053
8054
8054
8056
8056
8056
8055
8058
8060
8060
8063
8063
8065
8070
8070
8070
8071
8074
8077
8084
8084
8086
8087
8092
8093
8090
8090
8091
8095
8102
8104
8104
8107
8112
8114
8120
8121
8121
8123
8122
8126
8132
8132
8136
8138
8139
8142
8139
8139
8141
8144
8145
8142
8142
8145
8145
8146
8147
8149
8149
8149
8151
8151
8149
8149
8149
8145
8146
8142
8149
8149
8153
8152
8151
8145
8145
8145
8138
8131
8128
8125
8125
8125
8125
8121
8119
8119
8118
8113
8109
8107
8104
8104
8094
8085
8085
8087
8087
8083
8076
8071
8073
8073
8073
8065
8057
8058
8058
8058
8055
8055
8055
8055
8057
8057
8058
8063
8062
8060
8060
8063
8061
8064
8067
8071
8071
8077
8083
8084
8084
8084
8087
8093
8098
8100
8107
8107
8115
8119
8124
8130
8130
8130
8133
8142
8152
8157
8157
8166
8172
8179
8187
8187
8199
8204
8211
8217
8225
8225
8232
8234
8242
8254
8254
8271
8283
8294
8301
8313
8313
8325
8334
8345
8349
8349
8363
8370
8387
8405
8420
8420
8438
8455
8470
8484
8484
8504
8511
8518
8521
8526
8526
8492
8486
8480
8492
8492
8493
8506
8517
8541
8556
8556
8575
8581
8590
8608
8608
8622
8629
8638
8645
8649
8649
8658
8654
8662
8670
8670
8673
8671
8668
8659
8654
8654
8649
8640
8628
8618
8618
8601
8592
8579
8567
8560
8560
8550
8549
8550
8558
8558
8557
8562
8564
8559
8550
8550
8538
8522
8504
8483
8483
8463
8444
8421
8402
8383
8383
8355
8379
8348
8404
8404
8509
8535
8534
8499
8973
8973
8887
8831
8642
8637
8637
8430
8460
8448
8451
8405
8405
8351
8299
8251
8219
8219
8187
8181
8164
8164
8162
8162
8180
8184
8190
8193
8193
8196
8206
8205
8206
8195
8195
8196
8203
8215
8235
8256
8256
8285
8310
8313
8290
8290
8256
8197
8145
8090
8062
8062
8044
8048
8063
8076
8076
8090
8084
8073
8058
8059
8059
8112
8205
8252
8268
8268
8178
8097
8073
8118
8118
8213
8291
8372
8372
8441
8483
8529
8529
8540
8555
8548
8548
8545
8524
8483
8483
8419
8340
8262
8262
8179
8107
8036
8036
7955
7868
7782
7782
7713
7656
7656
7609
7579
7560
7560
7556
7552
7552
7552
7560
7570
7582
7582
7590
7596
7599
7599
7602
7608
7605
7609
7609
7610
7608
7609
7609
7614
7614
7615
7610
7616
7619
7628
7637
7637
7645
7656
7660
7662
7654
7650
7650
7627
7611
7587
7568
7543
7520
7520
7495
7475
7457
7444
7432
7421
7405
7405
7387
7370
7342
7317
7293
7263
7263
7241
7217
7198
7179
7175
7167
7167
7162
7156
7151
7148
7144
7144
7144
7144
7145
7152
7162
7164
7168
7168
7170
7173
7179
7179
7179
7182
7174
7174
7175
7174
7174
7175
7167
7157
7149
7149
7142
7137
7135
7135
7130
7130
7137
7141
7141
7146
7146
7147
7146
7148
7153
7159
7159
7163
7174
7182
7189
7189
7187
7190
7188
7188
7188
7188
7179
7166
7147
7128
7128
7104
7076
7050
7027
7027
7005
6988
6971
6954
6954
6946
6936
6933
6933
6937
6949
6963
6963
6978
7000
7021
7044
7044
7060
7082
7097
7110
7110
7117
7126
7133
7145
7151
7151
7160
7167
7175
7182
7182
7195
7206
7216
7230
7247
7247
7258
7271
7289
7300
7300
7312
7320
7324
7330
7334
7334
7340
7336
7333
7318
7318
7309
7288
7256
7237
7227
7227
7222
7223
7224
7219
7219
7210
7200
7194
7189
7185
7185
7190
7202
7215
7233
7233
7264
7291
7316
7341
7366
7366
7382
7398
7408
7415
7415
7419
7428
7432
7435
7435
7435
7433
7443
7459
7478
7478
7508
7535
7556
7579
7599
7599
7621
7636
7649
7670
7670
7684
7693
7709
7716
7726
7726
7736
7736
7733
7725
7725
7715
7710
7712
7713
7713
7713
7714
7716
7722
7736
7736
7747
7760
7778
7786
7801
7801
7812
7826
7843
7857
7857
7869
7881
7891
7899
7908
7908
7913
7923
7932
7943
7943
7953
7968
7981
7999
8021
8021
8044
8067
8092
8122
8122
8151
8176
8206
8236
8262
8262
8286
8302
8317
8334
8334
8349
8362
8376
8391
8404
8404
8416
8434
8439
8444
8444
8451
8459
8462
8462
8462
8462
8464
8466
8470
8472
8472
8471
8471
8479
8487
8496
8496
8507
8518
8530
8542
8555
8555
8572
8592
8612
8630
8630
8651
8665
8679
8698
8717
8717
8731
8743
8757
8772
8772
8787
8799
8810
8827
8850
8850
8868
8889
8902
8914
8914
8929
8941
8952
8957
8957
8957
8953
8950
8941
8930
8930
8924
8918
8906
8894
8882
8882
8875
8866
8861
8853
8853
8849
8841
8835
8828
8823
8823
8819
8810
8801
8793
8793
8786
8775
8764
8756
8744
8744
8728
8717
8703
8695
8695
8684
8671
8658
8646
8632
8632
8615
8599
8583
8571
8571
8555
8532
8514
8495
8476
8476
8450
8426
8412
8391
8391
8374
8349
8326
8305
8286
8286
8266
8251
8239
8226
8226
8208
8185
8175
8154
8148
8148
8134
8119
8101
8087
8087
8070
8057
8048
8039
8028
8028
8012
7995
7981
7970
7970
7952
7937
7921
7906
7893
7893
7876
7855
7832
7809
7809
7792
7769
7751
7728
7710
7710
7691
7674
7658
7638
7638
7624
7606
7594
7587
7579
7579
7574
7567
7562
7551
7551
7545
7532
7527
7527
7522
7522
7517
7514
7511
7509
7509
7509
7505
7501
7497
7496
7496
7500
7496
7493
7487
7487
7486
7481
7475
7473
7468
7468
7459
7455
7450
7447
7447
7443
7907
7903
7903
7896
7888
7888
7882
7882
7876
7871
7871
7870
7870
7866
7861
7861
7863
7863
7867
7867
7867
7870
7886
7886
7888
7888
7897
7907
7907
7911
7911
7920
7926
7926
7935
7935
7943
7950
7950
7956
7967
7967
7973
7973
7975
7978
7978
7979
7979
7979
7985
7985
7985
7985
7987
7989
7989
7987
7985
7985
7981
7981
7978
7975
7975
7972
7972
7972
7967
7967
7957
7957
7953
7952
7952
7949
7948
7948
7941
7941
7939
7933
7933
7933
7933
7932
7934
7934
7933
7933
7933
7929
7929
7934
7945
7945
7960
7960
7975
7991
7991
8007
8007
8023
8035
8035
8050
8050
8062
8082
8082
8103
8118
8118
8139
8139
8162
8179
8179
8194
8194
8209
8226
8226
8238
8238
8251
8266
8266
8277
8285
8285
8298
8298
8307
8311
8311
8318
8318
8325
8331
8331
8331
8331
8326
8320
8320
8313
8302
8302
8295
8295
8278
8263
8263
8251
8251
8233
8221
8221
8204
8204
8188
8164
8164
8137
8117
8117
8095
8095
8069
8047
8047
8020
8020
8001
7976
7976
7955
7955
7935
7920
7920
7906
7893
7893
7882
7882
7869
7863
7863
7865
7865
7874
7886
7886
7897
7897
7911
7930
7930
7941
7954
7954
7973
7973
7992
8006
8006
8026
8026
8041
8055
8055
8062
8062
8076
8085
8085
8094
8094
8094
8092
8092
8085
8075
8075
8066
8066
8052
8032
8032
8012
8012
8005
7980
7980
7940
7904
7904
7865
7865
7825
7790
7790
7748
7748
7714
7691
7691
7671
7671
7652
7624
7624
7593
7563
7563
7535
7535
7507
7478
7478
7452
7452
7423
7396
7396
7372
7372
7339
7297
7297
7251
7251
7198
7133
7133
7063
6985
6985
6874
6874
6786
6668
6668
6544
6544
6418
6291
6291
6203
6203
6195
6378
6378
6802
6802
7399
7399
8019
8761
8761
9374
9374
9857
9857
10144
10144
10214
10140
10140
9967
9758
9758
9546
9546
9388
9264
9264
9185
9108
9108
9001
9001
8821
8506
8506
8130
8130
7433
6855
6855
6188
6188
5671
5273
5273
5135
5135
5183
5183
5469
5809
5809
6199
6199
6566
6566
6904
7190
7190
7422
7612
7612
7762
7762
7877
7964
7964
8028
8028
8075
8105
8105
8108
8087
8087
8051
8051
8002
7952
7952
7924
7924
7921
7962
7962
8027
8027
8101
8101
8180
8256
8256
8319
8319
8377
8430
8430
8475
8475
8497
8485
8485
8453
8453
8401
8332
8332
8249
8162
8162
8073
8073
7988
7904
7904
7814
7814
7729
7642
7642
7559
7559
7481
7419
7419
7370
7335
7335
7319
7319
7322
7338
7338
7366
7366
7404
7439
7439
7474
7474
7508
7534
7534
7559
7579
7579
7596
7596
7611
7626
7626
7640
7640
7656
7678
7678
7706
7706
7731
7762
7762
7796
7832
7832
7876
7876
7914
7950
7950
7986
7986
8021
8045
8045
8061
8061
8073
8072
8072
8064
8049
8049
8028
8028
7999
7966
7966
7926
7926
7886
7841
7841
7794
7794
7740
7685
7685
7635
7582
7582
7537
7537
7491
7457
7457
7422
7422
7398
7381
7381
7369
7369
7366
7370
7370
7386
7404
7404
7421
7421
7437
7458
7458
7480
7480
7502
7516
7516
7534
7534
7552
7570
7570
7591
7609
7609
7625
7625
7650
7685
7685
7717
7717
7748
7772
7772
7794
7794
7814
7829
7829
7839
7847
7847
7850
7850
7845
7835
7835
7813
7813
7792
7773
7773
7751
7751
7728
7711
7711
7692
7673
7673
7657
7657
7649
7642
7642
7635
7635
7630
7627
7627
7621
7621
7615
7612
7612
7608
7610
7610
7609
7609
7608
7606
7606
7605
7605
7607
7611
7611
7615
7615
7622
7627
7627
7639
7653
7653
7667
7667
7680
7690
7690
7696
7696
7707
7717
7717
7732
7732
7743
7757
7757
7770
7780
7780
7782
7782
7792
7806
7806
7829
7829
7850
7866
7866
7878
7878
7891
7893
7893
7898
7906
7906
7913
7913
7915
7925
7925
7930
7930
7931
7933
7933
7936
7936
7939
7943
7943
7947
7946
7946
7948
7948
7950
7948
7948
7942
7942
7940
7936
7936
7931
7931
7927
7919
7919
7923
7920
7920
7919
7919
7918
7913
7913
7909
7909
7904
7900
7900
7900
7900
7901
7902
7902
7901
7905
7905
7907
7907
7903
7903
7903
7903
7903
7908
7912
7912
7914
7914
7917
7924
7924
7924
7925
7925
7937
7937
7945
7953
7953
7963
7963
7975
7984
7984
7996
7996
8014
8025
8025
8033
8043
8043
8048
8048
8057
8066
8066
8079
8079
8088
8096
8096
8105
8105
8114
8123
8123
8127
8131
8131
8135
8135
8134
8136
8136
8136
8136
8137
8135
8135
8135
8135
8138
8140
8140
8142
8140
8140
8137
8137
8134
8133
8133
8131
8131
8132
8130
8130
8131
8131
8130
8130
8130
8134
8131
8131
8135
8135
8136
8140
8140
8146
8146
8149
8152
8152
8149
8149
8150
8151
8151
8155
8159
8159
8161
8161
8164
8165
8165
8167
8167
8168
8171
8171
8169
8169
8164
8156
8156
8156
8156
8156
8157
8157
8150
8151
8151
8145
8145
8142
8137
8137
8132
8132
8131
8129
8129
8136
8140
8140
8149
8149
8162
8175
8175
8194
8194
8212
8230
8230
8247
8247
8264
8282
8282
8301
8325
8325
8345
8345
8359
8372
8372
8379
8379
8387
8389
8389
8388
8388
8384
8376
8376
8363
8350
8350
8335
8335
8314
8290
8290
8268
8268
8250
8235
8235
8216
8216
8185
8160
8160
8142
8118
8118
8091
8091
8068
8049
8049
8035
8035
8019
8002
8002
7988
7988
7984
7976
7976
7970
7969
7969
7971
7971
7978
7988
7988
7996
7996
8005
8018
8018
8036
8036
8047
8059
8059
8067
8076
8076
8091
8091
8098
8113
8113
8121
8121
8132
8140
8140
8147
8147
8155
8162
8162
8165
8166
8166
8170
8170
8172
8176
8176
8176
8176
8173
8168
8168
8165
8165
8162
8151
8151
8143
8134
8134
8126
8126
8119
8112
8112
8101
8101
8095
8085
8085
8079
8079
8075
8072
8072
8060
8049
8049
8033
8033
8020
8010
8010
7997
7997
7983
7972
7972
7958
7958
7945
7931
7931
7921
7913
7913
7902
7902
8028
8027
8027
8025
8025
8029
8034
8034
8038
8038
8052
8061
8061
8071
8071
8083
8097
8097
8113
8133
8133
8147
8147
8162
8179
8179
8192
8192
8208
8219
8219
8229
8229
8242
8248
8248
8254
8258
8258
8254
8254
8253
8242
8242
8224
8224
8213
8196
8196
8180
8180
8162
8149
8149
8134
8117
8117
8103
8103
8097
8085
8085
8073
8073
8060
8050
8050
8039
8039
8031
8017
8017
8008
7998
7998
7991
7991
7981
7984
7984
7982
7982
7981
7974
7974
7966
7966
7960
7954
7954
7951
7943
7943
7932
7932
7930
7927
7927
7927
7927
7929
7929
7929
7926
7926
7928
7925
7925
7925
7920
7920
7917
7917
7910
7909
7909
7908
7908
7901
7898
7898
7889
7889
7884
7875
7875
7867
7858
7858
7849
7849
7842
7829
7829
7826
7826
7828
7826
7826
7826
7826
7825
7827
7827
7826
7828
7828
7828
7828
7832
7835
7835
7839
7839
7846
7851
7851
7856
7856
7859
7858
7858
7857
7859
7859
7863
7863
7862
7867
7867
7865
7865
7859
7857
7857
7855
7855
7857
7855
7855
7853
7855
7855
7854
7854
7847
7841
7841
7835
7835
7834
7834
7834
7834
7834
7829
7826
7826
7820
7816
7816
7811
7811
7800
7790
7790
7777
7777
7770
7761
7761
7752
7752
7745
7735
7735
7726
7715
7715
7710
7710
7708
7704
7704
7700
7700
7695
7697
7697
7692
7692
7687
7683
7683
7680
7676
7676
7674
7674
7669
7662
7662
7659
7659
7659
7660
7660
7664
7664
7667
7674
7674
7684
7691
7691
7701
7701
7713
7728
7728
7747
7747
7759
7773
7773
7780
7780
7795
7809
7809
7824
7836
7836
7845
7845
7854
7863
7863
7871
7871
7885
7894
7894
7899
7899
7899
7904
7904
7911
7913
7913
7910
7910
7907
7905
7905
7906
7906
7900
7894
7894
7894
7894
7894
7889
7889
7890
7897
7897
7894
7894
7891
7895
7895
7899
7899
7905
7911
7911
7915
7915
7914
7917
7917
7920
7927
7927
7933
7933
7945
7955
7955
7962
7962
7969
7972
7972
7977
7977
7981
7988
7988
7996
7996
7996
8003
8003
8008
8010
8010
8016
8016
8015
8009
8009
8012
8012
8011
8008
8008
8006
8002
8002
8000
8000
7996
7996
7996
7993
7993
7990
7991
7991
7990
7990
7987
7980
7980
7976
7973
7973
7971
7971
7964
7964
7964
7967
7967
7970
7969
7969
7965
7965
7963
7960
7960
7959
7952
7952
7944
7944
7945
7944
7944
7943
7943
7943
7937
7937
7938
7938
7946
7948
7948
7951
7955
7955
7962
7962
7967
7974
7974
7986
7986
7992
8000
8000
8008
8008
8016
8025
8025
8033
8039
8039
8041
8041
8044
8052
8052
8059
8059
8063
8070
8070
8080
8080
8090
8100
8100
8107
8114
8114
8125
8125
8142
8157
8157
8168
8168
8180
8193
8193
8209
8209
8220
8233
8233
8248
8260
8260
8270
8270
8275
8280
8280
8283
8283
8289
8290
8290
8294
8294
8294
8296
8296
8293
8290
8290
8288
8288
8288
8289
8289
8290
8290
8292
8291
8291
8293
8293
8294
8297
8297
8299
8299
8299
8304
8304
8308
8312
8312
8315
8315
8323
8327
8327
8332
8332
8331
8335
8335
8342
8346
8346
8352
8352
8358
8364
8364
8373
8373
8380
8386
8386
8395
8395
8401
8408
8408
8412
8417
8417
8429
8429
8443
8455
8455
8463
8463
8465
8460
8460
8457
8457
8453
8458
8458
8465
8473
8473
8477
8477
8481
8484
8484
8478
8478
8468
8454
8454
8428
8428
8405
8381
8381
8359
8332
8332
8308
8308
8286
8263
8263
8248
8248
8234
8224
8224
8218
8218
8211
8212
8212
8214
8215
8215
8213
8213
8216
8216
8216
8216
8216
8219
8219
8219
8215
8215
8213
8210
8210
8204
8200
8200
8195
8195
8190
8186
8186
8182
8182
8176
8168
8168
8165
8165
8158
8154
8154
8147
8140
8140
8129
8129
8115
8105
8105
8091
8091
8082
8067
8067
8052
8052
8041
8029
8029
8005
7990
7990
7969
7969
7949
7928
7928
7906
7906
7884
7856
7856
7826
7826
7797
7771
7771
7745
7720
7720
7687
7687
7655
7622
7622
7593
7593
7560
7521
7521
7475
7475
7429
7385
7385
7340
7290
7290
7234
7234
7184
7130
7130
7071
7071
7009
6947
6947
6890
6890
6836
6791
6791
6757
6729
6729
6699
6699
6667
6637
6637
6604
6564
6564
6515
6456
6456
6382
6382
6292
6180
6180
6038
5885
5885
5720
5540
5540
5354
5175
5175
5041
5041
4999
4999
5100
5396
5396
5918
5918
6629
6629
7465
8307
8307
8955
8955
9236
9236
9250
9250
9078
9078
8824
8554
8554
8287
8287
8066
7990
7990
7980
7980
8000
8024
8024
8076
8141
8141
8186
8186
8228
8234
8234
8204
8204
8145
8054
8054
7963
7867
7867
7770
7770
7660
7536
7536
7412
7412
7262
7118
7118
6968
6811
6811
6648
6648
6448
6259
6259
6060
5892
5892
5715
5715
5550
5433
5433
5396
5396
5414
5486
5486
5582
5582
5687
5687
5794
5794
5895
5895
6004
6118
6118
6250
6250
6403
6403
6574
6574
6759
6759
6974
6974
7235
7462
7462
7642
7780
7780
7874
7921
7921
7921
7921
7888
7830
7830
7765
7765
7696
7619
7619
7554
7511
7511
7483
7464
7464
7448
7448
7426
7402
7402
7365
7365
7328
7279
7279
7236
7236
7192
7156
7156
7131
7131
7105
7099
7099
7098
7110
7110
7121
7121
7148
7177
7177
7203
7203
7235
7264
7264
7301
7301
7333
7365
7365
7401
7436
7436
7465
7465
7492
7513
7513
7530
7530
7541
7549
7549
7551
7551
7552
7550
7550
7550
7553
7553
7555
7555
7562
7570
7570
7581
7581
7596
7611
7611
7632
7632
7652
7680
7680
7706
7738
7738
7770
7770
7802
7828
7828
7858
7858
7882
7902
7902
7915
7923
7923
7921
7918
7918
7911
7904
7904
7900
7897
7897
7896
7896
7896
7904
7915
7915
7926
7926
7937
7954
7954
7970
7985
7985
8001
8012
8012
8019
8019
8025
8039
8039
8046
8045
8045
8049
8049
8049
8050
8050
8053
8053
8049
8046
8046
8040
8040
8038
8032
8032
8033
8029
