7	721
21	550	533	715
22	542	521	722
23	536	517	736
24	510	527	732
25	536	526	720
26	519	533	721
27	518	547	721
28	496	513	707
29	537	536	734
30	580	559	770
31	534	566	791
32	506	536	790
33	533	553	647
34	528	617	702
35	538	578	703
36	530	563	665
37	547	593	713
38	561	601	690
39	536	587	664
40	545	579	719
41	535	575	690
42	526	604	696
43	506	604	665
44	504	620	625
45	525	531	531
46	523	549	539
47	525	507	489
48	549	427	436
49	762	0	345
50	721	28	444
51	525	379	499
52	613	147	474
53	539	360	498
54	584	201	467
55	536	341	508
56	571	246	484
57	537	344	505
58	567	263	482
59	588	208	566
60	567	179	631
61	579	269	623
62	546	357	635
63	505	417	590
64	507	436	599
65	541	512	705
66	564	562	663
67	593	628	672
68	559	586	665
69	524	569	562
70	526	551	544
71	530	510	503
72	527	462	476
73	696	58	501
74	549	328	590
75	571	227	501
76	608	105	434
77	555	276	511
78	544	377	508
79	539	391	509
80	551	329	480
81	572	180	467
82	583	124	461
83	573	189	478
84	556	294	499
85	546	367	511
86	493	457	643
87	625	346	621
88	571	369	752
89	521	443	652
90	533	490	664
91	535	542	668
92	528	571	671
93	513	582	652
94	510	594	685
95	518	597	682
96	519	593	685
97	511	585	665
98	531	541	587
99	521	537	532
100	533	459	481
101	629	7	472
102	694	0	315
103	664	0	431
104	567	155	481
105	581	221	473
106	536	386	504
107	543	382	498
108	542	355	500
109	565	246	475
110	583	103	470
111	584	131	471
112	569	220	491
113	545	370	511
114	623	158	527
115	585	408	587
116	658	358	751
117	588	429	701
118	592	523	618
119	540	553	663
120	532	585	633
121	528	625	629
122	527	628	667
123	530	608	691
124	518	585	650
125	523	550	528
126	651	493	494
127	658	563	701
128	575	590	526
129	589	291	778
130	657	216	423
131	712	0	378
132	590	213	514
133	560	339	497
134	553	299	532
135	550	323	507
136	572	249	490
137	570	218	474
138	580	173	460
139	555	285	482
140	712	436	897
141	539	310	648
142	624	336	723
143	531	445	683
144	558	519	631
145	514	567	634
146	542	630	604
147	517	642	623
148	523	617	620
149	512	563	520
150	522	569	510
151	573	415	484
152	673	103	405
153	515	374	462
154	658	0	478
155	642	1	471
156	548	321	498
157	561	310	501
158	527	418	521
159	561	296	484
160	552	266	479
161	597	94	462
162	580	169	484
163	562	267	503
164	737	222	604
165	589	221	589
166	524	506	487
167	522	538	489
168	543	510	501
169	698	229	988
170	639	231	651
171	695	432	860
172	555	358	856
173	578	449	753
174	522	481	665
175	503	589	524
176	550	603	598
177	541	632	604
178	525	597	592
179	523	575	538
180	555	553	488
181	546	420	428
182	546	237	664
183	586	154	471
184	619	101	434
185	575	200	496
186	569	252	495
187	542	357	509
188	559	303	489
189	553	297	482
190	580	162	468
191	574	191	484
192	566	256	499
193	716	349	645
194	699	351	745
195	590	407	726
196	604	418	587
197	535	503	609
198	553	582	575
199	513	635	597
200	541	638	611
201	518	623	602
202	529	580	571
203	516	540	551
204	548	466	519
205	641	179	403
206	572	191	345
207	506	300	527
208	624	104	491
209	527	406	513
210	567	273	491
211	535	355	503
212	575	230	481
213	553	251	481
214	583	162	478
215	571	238	497
216	545	370	506
217	815	199	755
218	524	388	585
219	563	470	512
220	476	303	688
221	563	350	811
222	573	395	729
223	564	501	597
224	532	563	631
225	541	599	631
226	535	607	667
227	531	603	679
228	525	583	706
229	530	591	684
230	518	588	620
231	494	551	605
232	661	425	643
233	534	495	496
234	730	270	445
235	764	1	322
236	557	210	590
237	577	283	481
238	598	208	453
239	554	346	486
240	553	346	490
241	557	290	499
242	583	184	480
243	571	174	483
244	572	239	492
245	544	369	509
246	727	335	673
247	613	417	702
248	578	422	727
249	541	444	748
250	469	468	735
251	499	461	713
252	518	533	630
253	491	523	641
254	551	513	665
255	551	571	647
256	466	613	718
257	526	591	667
258	545	567	609
259	484	628	578
260	561	655	518
261	644	481	436
262	568	315	495
263	930	0	357
264	639	138	492
265	708	82	510
266	527	386	539
267	572	312	538
268	567	405	502
269	598	244	470
270	578	209	423
271	575	188	442
272	583	277	488
273	579	293	515
274	543	415	527
275	846	326	612
276	530	381	607
277	585	457	677
278	613	494	717
279	552	480	699
280	568	482	758
281	605	458	825
282	587	445	799
283	583	461	770
284	547	469	709
285	562	521	669
286	534	530	627
287	580	570	597
288	551	651	569
289	557	652	633
290	553	630	675
291	544	618	644
292	517	575	617
293	523	559	551
294	532	519	479
295	565	382	464
296	585	401	614
297	514	243	560
298	597	166	463
299	572	203	459
300	575	280	486
301	533	414	517
302	557	311	497
303	557	250	481
304	582	146	474
305	582	175	491
306	556	299	499
307	555	333	500
308	543	402	507
309	573	432	691
310	680	365	790
311	600	360	751
312	601	435	754
313	535	498	660
314	508	469	704
315	605	560	601
316	556	604	603
317	546	623	658
318	522	632	699
319	524	617	694
320	538	615	680
321	549	586	710
322	539	589	712
323	546	578	702
324	567	588	679
325	534	583	670
326	521	574	584
327	491	599	600
328	524	495	463
329	580	451	482
330	432	514	754
331	647	48	419
332	644	0	392
333	563	217	490
334	557	316	486
335	552	318	498
336	567	234	491
337	563	251	484
338	573	207	500
339	571	211	493
340	563	275	481
341	542	393	503
342	688	285	461
343	562	435	702
344	683	430	800
345	652	414	700
346	660	462	591
347	486	511	710
348	563	484	681
349	571	583	623
350	553	643	607
351	542	657	641
352	542	647	654
353	532	635	666
354	552	624	604
355	562	591	596
356	499	570	544
357	545	505	439
358	615	289	411
359	610	314	534
360	517	272	576
361	578	254	476
362	564	260	470
363	570	278	500
364	545	353	498
365	562	275	495
366	568	225	478
367	558	305	500
368	555	331	504
369	667	297	632
370	447	408	643
371	612	253	678
372	502	332	515
373	546	338	578
374	630	364	651
375	616	376	712
376	574	447	637
377	546	474	733
378	526	443	708
379	522	430	723
380	552	426	718
381	572	424	700
382	568	426	694
383	558	427	702
384	546	442	704
385	547	467	713
386	561	478	723
387	562	438	712
388	544	436	706
389	551	447	704
390	550	447	704
391	553	445	710
392	537	454	716
393	535	455	714
394	542	465	718
395	549	466	719
396	539	447	707
397	540	444	710
398	546	455	712
399	541	446	713
400	541	451	713
401	539	451	711
