49	500	519	705
50	494	528	742
51	499	593	711
52	490	483	720
53	477	481	769
54	482	557	774
55	381	562	658
56	360	295	809
57	434	475	629
58	538	467	735
59	847	339	675
60	731	401	735
61	764	366	741
62	658	357	766
63	522	466	679
64	309	404	761
65	410	501	743
66	379	497	681
67	381	457	751
68	541	510	678
69	592	564	724
70	689	563	693
71	951	523	728
72	691	504	715
73	720	472	807
74	532	463	639
75	337	413	736
76	383	482	751
77	352	475	675
78	392	531	733
79	485	494	755
80	717	376	715
81	904	547	729
82	706	569	696
83	689	523	796
84	595	547	739
85	481	499	653
86	250	453	715
87	505	569	763
88	325	512	692
89	292	539	697
90	529	467	719
91	725	420	765
92	891	482	772
93	718	526	737
94	622	448	763
95	561	479	679
96	385	444	667
97	385	429	848
98	418	525	698
99	409	574	711
100	433	494	730
101	571	522	720
102	626	533	805
103	605	558	708
104	599	471	735
105	730	510	789
106	595	434	808
107	595	566	723
108	527	559	690
109	314	397	717
110	350	491	717
111	313	438	672
112	431	434	711
113	554	472	725
114	667	461	774
115	747	468	819
116	729	454	833
117	586	432	751
118	620	497	762
119	521	484	646
120	362	406	700
121	314	445	721
122	338	467	680
123	389	421	733
124	563	477	736
125	575	459	740
126	673	468	763
127	712	444	789
128	680	497	742
129	618	487	777
130	566	481	771
131	483	469	667
132	406	426	703
133	296	416	659
134	379	439	739
135	429	429	745
136	551	433	732
137	629	421	794
138	741	463	793
139	802	506	824
140	636	413	779
141	637	459	753
142	555	474	751
143	419	452	662
144	330	453	684
145	282	451	637
146	385	453	717
147	477	483	725
148	589	520	715
149	638	479	705
150	693	402	838
151	802	486	820
152	638	418	761
153	595	459	762
154	507	489	713
155	418	442	697
156	324	450	684
157	293	452	626
158	366	417	738
159	468	495	703
160	505	487	753
161	634	456	805
162	649	463	763
163	703	467	821
164	610	443	758
165	585	475	792
166	538	503	698
167	323	371	630
168	290	409	739
169	338	465	670
170	414	415	775
171	546	520	748
172	542	504	718
173	567	481	729
174	645	499	802
175	707	528	788
176	662	483	772
177	562	437	702
178	480	430	679
179	417	405	798
180	367	447	695
181	370	436	744
182	429	472	711
183	455	496	683
184	626	465	795
185	557	476	695
186	795	505	970
187	620	448	770
188	602	463	775
189	495	439	756
190	446	482	639
191	353	457	707
192	385	508	681
193	402	483	711
194	384	479	661
195	408	420	662
196	574	517	751
197	593	503	725
198	677	499	777
199	665	490	818
200	594	478	789
201	578	507	771
202	536	488	699
203	381	405	620
204	296	412	692
205	327	463	686
206	386	443	752
207	468	467	708
208	553	512	725
209	621	493	755
210	661	500	772
211	702	493	873
212	573	429	794
213	586	477	732
214	480	460	643
215	331	455	627
216	290	466	680
217	358	494	689
218	394	458	748
219	493	495	741
220	554	509	739
221	576	467	784
222	655	483	826
223	645	463	787
224	582	448	741
225	551	462	716
226	427	422	728
227	303	434	666
228	328	509	648
229	337	460	727
230	424	467	684
231	537	515	738
232	545	490	745
233	632	438	781
234	730	478	804
235	667	469	747
236	593	445	772
237	579	463	791
238	473	444	683
239	321	402	670
240	298	454	673
241	328	485	647
242	397	433	719
243	494	470	683
244	600	467	759
245	672	479	770
246	727	461	835
247	659	473	769
248	619	464	767
249	531	455	683
250	398	414	639
251	339	457	703
252	255	417	622
253	402	428	771
254	474	444	723
255	541	509	701
256	523	437	730
257	656	433	775
258	747	499	800
259	624	441	765
260	604	497	773
261	483	457	725
262	411	459	640
263	330	459	666
264	279	428	665
265	361	406	759
266	473	476	712
267	507	452	695
268	680	402	816
269	698	458	749
270	775	494	817
271	648	429	750
272	640	437	747
273	460	344	708
274	372	420	689
275	291	426	658
276	312	437	703
277	412	459	747
278	494	433	735
279	739	458	886
280	703	469	690
281	733	504	742
282	539	492	706
283	538	498	749
284	566	526	725
285	516	461	718
286	423	482	748
287	381	441	724
288	384	466	725
289	450	446	729
290	599	506	690
291	709	493	715
292	758	474	855
293	708	492	783
294	594	472	713
295	479	448	715
296	317	491	662
297	324	513	687
298	323	474	662
299	351	481	699
300	461	463	672
301	827	322	783
302	724	360	815
303	855	373	761
304	712	352	764
305	603	408	674
306	376	443	619
307	213	423	725
308	295	549	689
309	325	508	731
310	401	427	775
311	523	414	667
312	803	433	799
313	939	533	756
314	731	552	666
315	716	503	706
316	592	454	734
317	423	409	683
318	343	491	790
319	260	533	693
320	298	484	739
321	329	410	687
322	603	302	708
323	687	279	867
324	903	355	739
325	747	338	783
326	803	343	780
327	215	189	724
328	66	422	791
329	173	438	703
330	399	470	691
331	675	363	807
332	930	360	842
333	928	304	826
334	450	399	723
335	213	492	731
336	238	523	753
337	306	496	700
338	722	440	774
339	867	564	723
340	765	495	734
341	559	580	703
342	524	581	670
343	413	597	650
344	306	494	603
345	474	608	671
346	514	549	760
347	544	574	669
348	616	547	859
349	668	561	799
350	380	402	808
351	1	411	787
352	324	267	646
353	991	401	951
354	856	472	807
355	196	333	902
356	0	207	843
357	830	333	969
358	1022	428	969
359	585	382	705
360	0	232	500
361	568	274	796
362	1020	299	967
363	728	383	687
364	0	155	629
365	420	294	676
366	1023	421	861
367	874	478	646
368	0	405	751
369	306	255	837
370	998	364	828
371	896	446	707
372	0	406	896
373	308	290	754
374	1022	337	885
375	802	404	570
376	0	405	733
377	298	237	829
378	1022	346	899
379	879	399	618
380	8	358	755
381	8	227	754
382	1016	280	800
383	1015	411	590
384	274	397	831
385	0	330	698
386	798	267	799
387	1023	355	713
388	544	295	683
389	0	358	657
390	550	191	797
391	1022	289	822
392	719	378	540
393	0	422	751
394	84	246	795
395	1021	247	867
396	1019	337	643
397	261	274	762
398	0	392	665
399	481	223	802
400	1022	359	813
401	783	424	537
402	14	515	822
403	0	345	736
404	1022	335	848
405	1022	362	639
406	374	300	929
407	0	434	746
408	376	215	844
409	1022	269	895
410	793	322	639
411	65	481	711
412	4	483	654
413	878	237	801
414	1022	335	663
415	612	314	719
416	0	503	721
417	198	322	727
418	1022	283	821
419	873	364	571
420	218	443	739
421	0	441	530
422	721	123	643
423	1022	268	641
424	627	306	668
425	0	529	685
426	108	417	715
427	1022	252	703
428	970	354	578
429	400	396	758
430	101	536	693
431	129	455	625
432	793	305	785
433	796	390	642
434	626	447	716
435	597	505	725
436	476	532	717
437	533	542	707
438	453	536	746
439	347	579	739
440	391	542	767
441	528	526	719
442	599	538	755
443	594	487	748
444	633	455	784
445	616	456	795
446	529	486	720
447	423	498	682
448	397	498	747
449	373	510	707
450	401	510	749
451	446	496	732
452	478	527	706
453	660	384	777
454	693	458	724
455	675	491	730
456	588	440	764
457	522	468	711
458	389	478	748
459	409	509	711
460	407	506	718
461	454	509	699
462	495	513	720
463	501	497	748
464	574	480	722
465	685	480	700
466	643	420	785
467	574	441	766
468	532	456	727
469	447	496	687
470	434	500	696
471	425	539	709
472	459	563	699
473	481	544	718
474	535	549	746
475	496	553	739
476	498	556	712
477	507	534	721
478	505	527	724
479	493	531	726
480	490	543	718
481	512	528	721
