18	536	540	724
19	539	541	718
20	543	542	722
21	544	539	721
22	539	536	717
23	531	539	740
24	451	566	764
25	511	556	706
26	540	545	719
27	583	478	892
28	586	474	762
29	588	523	703
30	627	532	667
31	601	574	531
32	522	547	490
33	466	475	547
34	470	430	847
35	584	525	1012
36	447	454	932
37	284	403	764
38	442	460	675
39	515	500	556
40	563	536	487
41	441	459	611
42	390	318	791
43	571	246	875
44	713	331	1016
45	555	442	976
46	566	433	701
47	557	483	646
48	563	507	559
49	505	529	505
50	397	457	397
51	217	405	397
52	326	475	716
53	447	498	862
54	552	519	761
55	532	538	706
56	503	500	632
57	673	584	484
58	656	588	377
59	652	606	393
60	584	651	219
61	567	667	295
62	620	664	317
63	595	614	205
64	633	579	214
65	561	508	178
66	478	510	338
67	411	445	509
68	544	396	591
69	623	478	601
70	889	543	499
71	698	466	404
72	640	394	172
73	603	461	59
74	544	390	109
75	530	365	148
76	502	409	450
77	511	523	512
78	525	532	465
79	548	576	376
80	563	623	374
81	471	470	171
82	491	449	226
83	514	468	308
84	533	496	323
85	538	508	320
86	540	513	319
87	526	502	311
88	531	510	314
89	526	499	314
90	523	500	313
91	528	505	308
92	526	505	313
93	531	511	323
94	517	504	311
95	524	506	307
96	525	507	316
97	527	505	319
98	529	511	315
99	527	506	309
100	531	508	313
101	527	506	317
102	523	505	318
103	525	507	310
104	529	508	313
105	530	509	317
106	526	505	313
107	529	512	315
108	529	510	315
109	527	507	318
110	530	509	317
111	527	519	323
112	647	655	229
113	503	397	42
114	540	234	120
115	465	345	374
116	405	459	477
117	472	468	507
118	753	370	311
119	908	336	232
120	785	515	154
121	491	461	164
122	517	535	491
123	548	540	332
124	680	603	343
125	597	497	482
126	596	532	470
127	733	548	323
128	840	601	247
129	835	635	90
130	759	668	186
131	703	600	326
132	589	568	466
133	527	557	494
134	558	514	571
135	561	399	586
136	493	422	743
137	620	397	687
138	628	318	723
139	547	395	866
140	588	345	835
141	520	429	649
142	491	543	524
143	466	669	442
144	483	587	634
145	411	594	609
146	606	690	939
147	527	566	625
148	455	505	724
149	536	439	990
150	453	416	1017
151	453	403	855
152	518	457	733
153	569	466	724
154	587	477	584
155	562	571	362
156	537	603	411
157	496	601	406
158	480	549	465
159	457	354	754
160	288	294	746
161	439	273	906
162	533	326	965
163	502	314	951
164	504	265	899
165	543	184	869
166	491	307	650
167	492	441	491
168	505	549	322
169	525	603	322
170	532	576	411
171	467	515	506
172	407	316	739
173	474	185	848
174	862	199	1023
175	631	191	878
176	582	194	825
177	475	369	616
178	477	436	560
179	398	382	715
180	283	357	626
181	289	365	708
182	333	401	840
183	396	348	838
184	711	185	794
185	780	365	814
186	705	474	805
187	613	531	751
188	622	532	693
189	611	465	763
190	631	238	1022
191	387	327	743
192	292	310	707
193	220	377	602
194	344	341	759
195	389	396	800
196	262	543	622
197	248	441	699
198	931	218	1021
199	556	535	796
200	653	542	681
201	544	513	747
202	54	378	785
203	99	452	876
204	504	413	772
205	674	551	555
206	650	569	535
207	511	539	432
208	463	556	447
209	319	454	688
210	268	466	747
211	204	405	919
212	273	388	914
213	450	397	863
214	620	486	580
215	613	541	501
216	646	559	499
217	556	531	539
218	314	425	842
219	622	312	1022
220	741	358	985
221	716	386	747
222	577	404	615
223	618	465	497
224	622	526	464
225	620	437	604
226	257	150	827
227	168	160	955
228	211	234	857
229	313	279	655
230	502	439	481
231	522	533	518
232	454	528	473
233	466	471	701
234	717	347	1021
235	662	331	862
236	645	345	826
237	753	442	713
238	761	363	682
239	571	415	400
240	653	379	755
241	589	524	743
242	454	515	866
243	435	587	768
244	615	527	944
245	329	410	691
246	330	424	685
247	336	465	617
248	331	464	745
249	374	456	813
250	521	425	898
251	532	459	775
252	760	378	764
253	725	393	618
254	792	452	635
255	539	433	496
256	428	410	655
257	433	98	1010
258	707	304	903
259	544	200	974
260	535	168	813
261	507	292	550
262	544	488	422
263	472	568	360
264	482	579	404
265	481	551	514
266	431	337	646
267	515	225	832
268	559	219	947
269	689	313	976
270	605	273	915
271	609	193	876
272	551	210	751
273	496	356	535
274	504	540	326
275	508	545	375
276	545	551	474
277	452	450	493
278	454	155	813
279	629	185	1022
280	674	209	832
281	378	111	774
282	331	399	610
283	370	418	781
284	677	445	803
285	700	481	515
286	667	542	410
287	658	514	531
288	431	320	643
289	187	269	780
290	227	296	754
291	175	243	701
292	431	403	484
293	515	507	552
294	442	524	606
295	518	386	814
296	891	300	874
297	937	196	759
298	784	439	607
299	624	498	551
300	655	540	437
301	668	562	487
302	323	318	679
303	271	383	817
304	420	568	787
305	298	512	859
306	464	412	820
307	443	541	589
308	439	537	462
309	423	584	364
310	537	517	603
311	533	423	837
312	509	543	886
313	425	450	963
314	476	395	981
315	485	396	660
316	505	491	486
317	520	556	297
318	553	561	297
319	589	466	419
320	607	352	831
321	512	427	1022
322	419	451	1023
323	491	437	889
324	494	435	679
325	416	394	428
326	405	396	583
327	928	631	751
328	1022	465	767
329	1023	408	893
330	881	461	770
331	655	495	585
332	499	444	582
333	399	450	615
334	454	621	686
335	751	923	814
336	746	845	680
337	554	681	551
338	484	676	587
339	455	606	611
340	613	341	423
341	741	355	261
342	871	250	505
343	844	317	792
344	613	409	786
345	447	485	601
346	391	597	557
347	437	654	435
348	542	727	432
349	500	627	302
350	451	532	429
351	236	421	541
352	178	429	624
353	299	492	690
354	420	511	425
355	611	505	431
356	691	416	359
357	627	331	463
358	671	291	553
359	868	290	713
360	711	430	743
361	687	482	846
362	480	543	744
363	447	537	545
364	334	458	443
365	537	697	565
366	510	757	539
367	430	607	744
368	411	484	614
369	348	268	664
370	386	334	535
371	452	250	686
372	439	336	631
373	501	332	633
374	651	236	716
375	591	395	575
376	596	375	494
377	625	249	644
378	661	302	622
379	608	320	571
380	563	322	525
381	557	351	511
382	525	312	444
383	577	271	501
384	584	134	507
385	602	40	450
386	564	271	501
387	542	388	563
388	536	409	524
389	543	314	501
390	599	144	524
391	616	195	635
392	580	244	507
393	596	271	513
394	549	365	541
395	559	353	569
396	565	323	569
397	570	308	541
398	577	320	558
399	571	338	555
400	564	358	670
401	543	330	671
402	512	376	672
403	514	422	709
404	492	445	707
405	496	467	719
406	493	492	700
407	503	503	729
408	481	483	713
409	477	482	713
410	511	484	729
411	497	509	707
412	508	477	723
413	528	490	708
414	499	490	699
415	544	493	768
416	497	481	689
417	544	480	687
418	601	522	744
419	612	559	706
420	627	565	691
421	614	547	723
422	588	561	725
423	570	601	719
424	558	610	687
425	458	571	679
426	448	537	699
427	510	523	694
428	473	492	718
429	525	500	692
430	523	472	693
431	542	491	718
432	558	479	729
433	553	497	705
434	533	531	720
435	556	561	747
436	592	562	733
437	531	546	668
438	491	534	795
439	572	534	758
440	545	564	712
441	579	586	674
442	597	590	714
443	551	576	698
444	529	620	679
445	561	627	711
446	526	566	667
447	551	577	731
448	590	608	737
449	604	550	715
450	540	582	727
451	486	591	704
452	502	597	730
453	523	598	682
454	526	576	701
455	552	512	724
456	547	537	707
457	536	561	716
458	551	531	712
459	544	486	698
460	519	477	745
461	567	428	714
462	553	450	698
463	544	513	728
464	549	571	714
465	606	555	667
466	578	570	773
467	483	540	795
468	505	564	816
469	586	571	727
470	591	601	647
471	626	632	588
472	629	627	506
473	654	567	445
474	611	476	403
475	535	477	371
476	444	541	453
477	291	653	425
478	298	740	548
479	354	723	663
480	433	644	721
481	481	611	711
482	476	625	715
483	544	597	700
484	583	559	683
485	581	598	679
486	606	620	642
487	597	584	683
488	622	565	637
489	672	526	617
490	704	479	603
491	734	469	610
492	746	350	604
493	671	313	567
494	651	382	589
495	649	387	606
496	568	430	647
497	603	441	683
498	613	416	727
499	605	381	763
500	607	435	683
501	577	471	685
502	562	453	718
503	603	456	719
504	580	466	670
505	563	498	676
506	551	521	665
507	524	520	607
508	511	505	580
509	534	574	655
510	587	258	897
511	739	247	648
512	639	357	776
513	587	229	758
514	572	260	741
515	591	333	758
516	552	334	698
517	520	431	616
518	545	481	644
519	524	493	619
520	529	527	627
521	532	548	660
522	533	554	588
523	529	510	516
524	553	255	499
525	545	236	442
526	606	64	452
527	606	125	490
528	545	334	514
529	580	199	477
530	566	205	467
531	561	251	482
532	553	324	493
533	341	230	691
534	491	348	563
535	489	488	699
536	574	519	634
537	464	479	682
538	524	579	597
539	555	580	651
540	526	559	619
541	522	518	610
542	469	521	585
543	542	442	482
544	654	56	410
545	629	33	425
546	597	127	466
547	567	266	498
548	560	307	476
549	586	177	481
550	586	197	495
551	571	268	485
552	578	263	507
553	618	334	856
554	519	331	542
555	560	427	641
556	536	432	705
557	563	494	656
558	560	578	584
559	562	608	602
560	557	554	591
561	524	481	512
562	525	530	562
563	626	14	503
564	581	165	441
565	613	126	467
566	574	164	474
567	540	347	511
568	559	292	494
569	552	286	503
570	561	269	499
571	560	273	494
572	558	292	485
573	691	162	632
574	640	227	729
575	529	299	656
576	538	433	592
577	541	552	547
578	558	579	559
579	564	583	571
580	563	548	621
581	558	487	637
582	507	535	514
583	852	0	578
584	489	388	535
585	600	130	471
586	604	134	472
587	540	331	506
588	560	301	493
589	549	294	501
590	583	182	484
591	837	202	409
592	450	301	714
593	460	267	609
594	574	365	539
595	503	531	607
596	577	563	601
597	594	582	521
598	586	601	532
599	530	498	617
600	521	504	629
601	484	383	620
602	553	245	646
603	576	129	452
604	572	169	455
605	573	241	481
606	561	268	507
607	550	303	511
608	561	271	499
609	560	270	489
610	557	276	486
611	578	311	705
612	568	321	609
613	545	257	745
614	575	381	678
615	568	442	665
616	576	547	588
617	558	541	605
618	563	613	570
619	550	614	557
620	458	528	543
621	572	437	586
622	574	431	527
623	798	0	501
624	509	307	551
625	591	127	464
626	613	112	446
627	553	458	583
628	621	325	535
629	537	287	527
630	605	174	504
631	1004	117	499
632	451	379	619
633	537	343	561
634	534	330	595
635	559	407	573
636	552	447	623
637	603	429	643
638	577	375	695
639	507	336	761
640	452	389	748
641	459	465	722
642	494	517	681
643	516	519	615
644	497	478	723
645	465	402	791
646	491	354	774
647	467	371	719
648	526	320	609
649	584	363	604
650	645	411	596
651	645	484	635
652	596	502	720
653	523	477	763
654	466	421	736
655	507	502	703
656	477	509	738
657	455	549	767
658	494	504	775
659	467	540	710
660	481	556	680
661	506	548	687
662	466	551	770
663	481	531	701
664	531	506	695
665	527	514	736
666	521	517	720
667	523	516	723
668	523	516	723
669	523	516	725
670	524	517	724
671	524	516	724
672	524	516	724
673	524	516	723
