8877
8874
8871
8871
8869
8869
8867
8864
8864
8861
8858
8858
8853
8853
8851
8848
8848
8845
8845
8840
8835
8835
8835
8835
8831
8828
8828
8828
8830
8830
8832
8832
8833
8832
8832
8831
8831
8832
8833
8833
8833
8833
8835
8837
8837
8843
8844
8844
8845
8845
8846
8850
8850
8850
8850
8852
8854
8854
8856
8856
8857
8860
8860
8863
8869
8869
8870
8870
8869
8871
8871
8872
8872
8873
8876
8876
8877
8877
8877
8878
8878
8882
8885
8885
8887
8887
8889
8890
8890
8893
8893
8894
8895
8895
8894
8894
8898
8896
8896
8897
8894
8894
8894
8894
8894
8892
8892
8892
8892
8890
8886
8886
8882
8882
8876
8870
8870
8867
8864
8864
8863
8863
8858
8853
8853
8850
8850
8848
8849
8849
8842
8842
8837
8833
8833
8831
8831
8831
8831
8831
8832
8835
8835
8833
8833
8830
8833
8833
8834
8834
8838
8840
8840
8841
8840
8840
8843
8843
8842
8839
8839
8844
8844
8849
8851
8851
8852
8852
8854
8857
8857
8853
8853
8853
8851
8851
8852
8853
8853
8853
8853
8855
8855
8855
8852
8852
8854
8851
8851
8854
8853
8853
8851
8851
8850
8850
8850
8849
8849
8847
8846
8846
8851
8851
8851
8853
8853
8852
8853
8853
8853
8853
8855
8856
8856
8858
8858
8856
8856
8856
8857
8857
8862
8863
8863
8861
8862
8862
8860
8860
8857
8856
8856
8857
8857
8858
8856
8856
8854
8854
8851
8851
8851
8849
8845
8845
8847
8847
8847
8847
8847
8846
8846
8850
8850
8850
8846
8846
8850
8848
8848
8849
8852
8852
8852
8852
8853
8852
8852
8855
8855
8860
8862
8862
8865
8865
8863
8867
8867
8866
8867
8867
8872
8872
8874
8874
8874
8875
8875
8874
8874
8874
8876
8876
8877
8878
8878
8875
8874
8874
8877
8877
8876
8874
8874
8877
8877
8878
8880
8880
8883
8883
8885
8884
8884
8885
8887
8887
8884
8884
8887
8888
8888
8888
8888
8892
8897
8897
8896
8896
8900
8900
8900
8904
8906
8906
8904
8904
8904
8903
8903
8905
8905
8908
8903
8903
8905
8905
8906
8908
8908
8908
8909
8909
8907
8907
8909
8909
8909
8907
8907
8907
8908
8908
8911
8911
8913
8914
8914
8913
8914
8914
8915
8915
8913
8911
8911
8911
8911
8912
8911
8911
8910
8910
8909
8910
8910
8908
8906
8906
8908
8908
8906
8904
8904
8904
8904
8904
8900
8900
8897
8897
8893
8893
8893
8890
8886
8886
8885
8885
8884
8882
8882
8877
8877
8878
8876
8876
8877
8877
8875
8874
8874
8875
8874
8874
8872
8872
8871
8869
8869
8869
8869
8872
8870
8870
8871
8871
8871
8869
8869
8872
8873
8873
8871
8871
8867
8864
8864
8861
8861
8860
8857
8857
8856
8856
8855
8851
8851
8846
8841
8841
8838
8838
8837
8838
8838
8833
8833
8833
8832
8832
8832
8832
8833
8831
8831
8827
8827
8827
8831
8831
8830
8832
8832
8830
8830
8835
8837
8837
8841
8841
8841
8841
8841
8846
8850
8850
8851
8851
8855
8858
8858
8860
8860
8864
8865
8865
8864
8864
8869
8869
8869
8870
8867
8867
8866
8866
8864
8867
8867
8868
8868
8869
8867
8867
8868
8868
8867
8865
8865
8867
8863
8863
8863
8863
8860
8859
8859
8860
8860
8860
8857
8857
8855
8855
8857
8854
8854
8855
8853
8853
8850
8850
8847
8850
8850
8849
8849
8849
8847
8847
8849
8849
8846
8843
8843
8841
8839
8839
8842
8842
8841
8840
8840
8840
8840
8841
8840
8840
8838
8838
8836
8837
8837
8834
8830
8830
8828
8828
8829
8827
8827
8826
8826
8827
8827
8827
8828
8828
8827
8824
8824
8822
8823
8823
8825
8825
8823
8826
8826
8826
8826
8829
8826
8826
8826
8826
8824
8822
8822
8825
8827
8827
8826
8826
8828
8827
8827
8827
8827
8828
8826
8826
8829
8829
8828
8829
8829
8827
8825
8825
8824
8824
8826
8830
8830
8831
8831
8831
8831
8831
8831
8831
8829
8830
8830
8830
8830
8830
8827
8827
8828
8827
8827
8830
8830
8830
8835
8835
8837
8837
8836
8837
8837
8840
8839
8839
8842
8842
8845
8845
8845
8845
8845
8848
8847
8847
8847
8847
8848
8850
8850
8854
8859
8859
8859
8859
8856
8858
8858
8860
8860
8862
8858
8858
8862
8862
8862
8865
8865
8869
8868
8868
8869
8869
8872
8872
8872
8875
8875
8874
8874
8874
8874
8876
8876
8879
8879
8884
8887
8887
8886
8886
8887
8889
8889
8890
8890
8897
8899
8899
8901
8902
8902
8901
8901
8906
8906
8906
8910
8910
8906
8908
8908
8909
8909
8911
8911
8911
8910
8909
8909
8909
8909
8908
8908
8908
8906
8906
8905
8902
8902
8901
8901
8901
8895
8895
8891
8889
8889
8885
8885
8884
8878
8878
8875
8875
8874
8874
8874
8870
8870
8872
8867
8867
8869
8866
8866
8866
8866
8865
8862
8862
8860
8860
8858
8858
8858
8856
8856
8855
8853
8853
8854
8856
8856
8854
8854
8854
8853
8853
8851
8851
8851
8854
8854
8857
8857
8858
8861
8861
8866
8864
8864
8863
8863
8864
8870
8870
8867
8867
8868
8867
8867
8867
8867
8872
8868
8868
8869
8868
8868
8867
8867
8870
8869
8869
8866
8866
8868
8871
8871
8873
8873
8871
8870
8870
8868
8866
8866
8864
8864
8866
8868
8868
8866
8866
8868
8866
8866
8863
8863
8866
8865
8865
8869
8866
8866
8866
8866
8869
8873
8873
8875
8875
8877
8883
8883
8884
8884
8887
8885
8885
8883
8882
8882
8882
8882
8880
8880
8880
8882
8882
8880
8878
8878
8874
8874
8876
8870
8870
8871
8868
8868
8864
8864
8860
8856
8856
8855
8855
8855
8850
8850
8847
8847
8844
8844
8844
8842
8840
8840
8838
8838
8836
8834
8834
8835
8835
8836
8835
8835
8834
8834
8836
8835
8835
8835
8839
8839
8841
8841
8845
8847
8847
8850
8850
8852
8856
8856
8859
8859
8862
8860
8860
8862
8863
8863
8862
8862
8864
8864
8864
8865
8865
8863
8863
8863
8863
8863
8863
8863
8863
8863
8866
8866
8866
8866

