4819
4835
4835
4858
4882
4882
4908
4908
4933
4963
4963
4988
5013
5013
5037
5037
5060
5083
5083
5105
5105
5124
5139
5139
5155
5155
5164
5172
5172
5179
5180
5180
5178
5178
5180
5176
5176
5169
5169
5160
5152
5152
5146
5146
5139
5132
5132
5117
5109
5109
5096
5096
5086
5077
5077
5068
5068
5058
5048
5048
5036
5036
5027
5020
5020
5014
5009
5009
5001
5001
4989
4977
4977
4967
4967
4954
4939
4939
4925
4925
4913
4900
4900
4887
4873
4873
4859
4859
4843
4829
4829
4820
4820
4809
4798
4798
4791
4791
4790
4789
4789
4789
4792
4792
4801
4801
4814
4829
4829
4845
4845
4867
4888
4888
4914
4914
4938
4966
4966
4992
5019
5019
5048
5048
5078
5106
5106
5132
5132
5159
5182
5182
5203
5203
5222
5231
5231
5242
5248
5248
5252
5252
5251
5249
5249
5245
5245
5237
5223
5223
5212
5212
5199
5187
5187
5171
5155
5155
5138
5138
5121
5107
5107
5091
5091
5080
5067
5067
5058
5058
5050
5047
5047
5047
5048
5048
5047
5047
5047
5053
5053
5063
5063
5071
5079
5079
5093
5093
5103
5111
5111
5119
5128
5128
5137
5137
5139
5140
5140
5141
5141
5140
5138
5138
5134
5128
5128
5122
5122
5116
5110
5110
5104
5104
5099
5095
5095
5091
5091
5085
5081
5081
5077
5075
5075
5073
5073
5077
5082
5082
5083
5083
5086
5089
5089
5090
5090
5094
5099
5099
5105
5111
5111
5112
5112
5113
5114
5114
5115
5115
5116
5120
5120
5117
5117
5114
5108
5108
5102
5092
5092
5083
5083
5073
5061
5061
5051
5051
5038
5026
5026
5016
5016
5004
4989
4989
4975
4964
4964
4954
4954
4942
4938
4938
4931
4931
4928
4924
4924
4919
4919
4917
4914
4914
4916
4913
4913
4915
4915
4915
4915
4915
4913
4913
4917
4912
4912
4908
4908
4903
4899
4899
4894
4887
4887
4884
4884
4878
4874
4874
4866
4866
4857
4847
4847
4834
4834
4822
4808
4808
4795
4784
4784
4776
4776
4763
4748
4748
4732
4732
4717
4702
4702
4691
4691
4685
4679
4679
4673
4665
4665
4662
4662
4656
4657
4657
4655
4655
4657
4660
4660
4663
4663
4673
4675
4675
4676
4670
4670
4668
4668
4670
4668
4668
4669
4669
4668
4665
4665
4660
4660
4658
4657
4657
4655
4658
4658
4663
4663
4667
4673
4673
4682
4682
4688
4699
4699
4713
4713
4728
4744
4744
4763
4779
4779
4798
4798
4818
4841
4841
4860
4860
4875
4888
4888
4902
4902
4915
4926
4926
4933
4938
4938
4939
4939
4938
4938
4938
4934
4934
4928
4922
4922
4919
4919
4915
4915
4915
4912
4915
4915
4916
4916
4920
4934
4934
4951
4951
4966
4979
4979
5005
5005
5028
5060
5060
5085
5108
5108
5134
5134
5154
5174
5174
5194
5194
5212
5229
5229
5247
5247
5255
5264
5264
5268
5270
5270
5266
5266
5260
5250
5250
5235
5235
5217
5193
5193
5174
5174
5149
5124
5124
5098
5077
5077
5050
5050
5026
5005
5005
4987
4987
4968
4951
4951
4936
4936
4921
4908
4908
4900
4892
4892
4892
4892
4892
4893
4893
4893
4893
4896
4907
4907
4918
4918
4931
4944
4944
4957
4970
4970
4986
4986
4998
5012
5012
5028
5028
5043
5055
5055
5067
5067
5076
5088
5088
5091
5099
5099
5105
5105
5109
5113
5113
5116
5116
5121
5121
5121
5121
5121
5122
5123
5123
5124
5126
5126
5125
5125
5130
5135
5135
5141
5141
5145
5150
5150
5155
5155
5161
5171
5171
5180
5190
5190
5202
5202
5211
5218
5218
5224
5224
5228
5235
5235
5240
5240
5244
5248
5248
5247
5249
5249
5244
5244
5239
5234
5234
5229
5229
5224
5219
5219
5211
5211
5207
5203
5203
5200
5200
5200
5198
5198
5202
5203
5203
5200
5200
5202
5204
5204
5205
5205
5206
5211
5211
5216
5220
5220
5225
5225
5223
5225
5225
5223
5223
5228
5224
5224
5224
5224
5222
5221
5221
5224
5222
5222
5222
5222
5219
5216
5216
5213
5213
5212
5205
5205
5201
5201
5193
5185
5185
5177
5170
5170
5157
5157
5147
5136
5136
5120
5120
5106
5097
5097
5085
5085
5075
5062
5062
5052
5041
5041
5029
5029
5020
5012
5012
5000
5000
4991
4981
4981
4970
4970
4960
4950
4950
4942
4927
4927
4915
4915
4904
4891
4891
4880
4880
4868
4855
4855
4843
4843
4835
4825
4825
4813
4803
4803
4789
4789
4781
4764
4764
4751
4751
4740
4724
4724
4711
4711
4699
4688
4688
4677
4666
4666
4664
4664
4666
4666
4666
4672
4672
4676
4682
4682
4688
4688
4696
4704
4704
4715
4728
4728
4741
4741
4754
4765
4765
4776
4776
4791
4802
4802
4811
4811
4822
4834
4834
4845
4856
4856
4873
4873
4885
4898
4898
4909
4909
4922
4931
4931
4940
4940
4951
4964
4964
4972
4981
4981
4989
4989
4994
4999
4999
5003
5003
5008
5015
5015
5020
5020
5026
5030
5030
5030
5030
5030
5028
5028
5027
5022
5022
5017
5017
5006
4992
4992
4982
4982
4975
4967
4967
4957
4952
4952
4948
4948
4955
4963
4963
4976
4976
4988
4991
4991
4989
4989
4987
4984
4984
4989
4997
4997
5002
5002
5002
5003
5003
5011
5011
5016
5026
5026
5036
5036
5049
5061
5061
5072
5077
5077
5079
5079
5081
5078
5078
5073
5073
5072
5072
5072
5067
5067
5059
5047
5047
5036
5022
5022
5009
5009
4995
4977
4977
4964
4964
4954
4942
4942
4929
4929
4922
4916
4916
4912
4913
4913
4915
4915
4917
4922
4922
4927
4927
4937
4948
4948
4957
4957
4969
4979
4979
4994
5011
5011
5028
5028
5044
5064
5064
5084
5084
5099
5119
5119
5135
5135
5150
5164
5164
5176
5188
5188
5195
5195
5200
5207
5207
5214
5214
5219
5221
5221
5221
5221
5216
5208
5208
5194
5186
5186
5174
5174
5160
5144
5144
5130
5130
5117
5103
5103
5086
5086
5073
5059
5059
5050
5045
5045
5041
5041
5036
5034
5034
5030
5030
5024
5020
5020
5021
5021
5025
5029
5029
5035
5041
5041

