8111
8116
8116
8123
8123
8129
8130
8130
8133
8131
8131
8134
8134
8135
8141
8141
8145
8145
8152
8159
8159
8161
8161
8162
8162
8162
8160
8155
8155
8154
8154
8159
8159
8159
8163
8163
8157
8151
8151
8150
8150
8153
8150
8150
8146
8145
8145
8141
8141
8138
8136
8136
8133
8133
8134
8133
8133
8128
8128
8123
8120
8120
8124
8125
8125
8132
8132
8134
8134
8134
8126
8126
8123
8123
8123
8120
8120
8123
8121
8121
8120
8116
8116
8117
8117
8120
8122
8122
8123
8123
8124
8127
8127
8128
8128
8131
8131
8131
8135
8138
8138
8142
8142
8143
8143
8143
8144
8144
8148
8152
8152
8154
8154
8160
8162
8162
8165
8171
8171
8175
8175
8175
8178
8178
8178
8178
8180
8182
8182
8185
8185
8186
8188
8188
8189
8188
8188
8190
8190
8193
8193
8193
8188
8188
8186
8183
8183
8175
8175
8177
8175
8175
8171
8169
8169
8163
8163
8158
8155
8155
8149
8149
8149
8146
8146
8146
8146
8141
8143
8143
8141
8140
8140
8140
8140
8138
8139
8139
8142
8142
8148
8153
8153
8155
8155
8161
8162
8162
8170
8178
8178
8179
8179
8179
8177
8177
8179
8179
8185
8189
8189
8190
8190
8190
8189
8189
8190
8194
8194
8197
8197
8196
8191
8191
8193
8193
8194
8193
8193
8196
8196
8197
8199
8199
8199
8200
8200
8197
8197
8197
8195
8195
8194
8194
8190
8188
8188
8185
8185
8187
8186
8186
8184
8179
8179
8181
8181
8183
8182
8182
8178
8178
8175
8169
8169
8169
8169
8169
8168
8168
8168
8169
8169
8166
8166
8160
8156
8156
8152
8152
8152
8150
8150
8146
8146
8144
8140
8140
8138
8137
8137
8143
8143
8144
8143
8143
8149
8149
8152
8152
8152
8157
8157
8163
8162
8162
8161
8163
8163
8161
8161
8163
8163
8163
8164
8164
8164
8168
8168
8170
8170
8170
8167
8167
8164
8163
8163
8165
8165
8167
8163
8163
8161
8161
8160
8163
8163
8163
8163
8163
8159
8159
8156
8154
8154
8153
8153
8152
8147
8147
8145
8145
8146
8141
8141
8136
8136
8133
8131
8131
8129
8125
8125
8125
8125
8126
8120
8120
8118
8118
8114
8115
8115
8117
8117
8117
8120
8120
8119
8119
8119
8114
8114
8113
8111
8111
8111
8111
8116
8115
8115
8112
8112
8108
8103
8103
8110
8108
8108
8111
8111
8113
8116
8116
8118
8118
8122
8128
8128
8127
8127
8133
8139
8139
8144
8147
8147
8146
8146
8146
8149
8149
8153
8153
8154
8155
8155
8156
8156
8159
8155
8155
8153
8152
8152
8151
8151
8152
8149
8149
8149
8149
8148
8140
8140
8135
8135
8131
8128
8128
8125
8125
8125
8122
8122
8119
8122
8122
8118
8118
8117
8118
8118
8118
8118
8122
8124
8124
8124
8126
8126
8125
8125
8124
8125
8125
8132
8132
8138
8139
8139
8139
8139
8140
8137
8137
8140
8141
8141
8142
8142
8138
8131
8131
8125
8125
8122
8118
8118
8116
8116
8112
8108
8108
8104
8103
8103
8100
8100
8096
8096
8096
8094
8094
8100
8095
8095
8092
8092
8095
8096
8096
8099
8104
8104
8103
8103
8106
8111
8111
8113
8113
8119
8120
8120
8120
8120
8123
8123
8123
8123
8128
8128
8129
8129
8133
8131
8131
8135
8135
8136
8135
8135
8140
8140
8133
8134
8134
8133
8133
8133
8130
8130
8128
8123
8123
8121
8121
8120
8119
8119
8116
8116
8115
8109
8109
8105
8108
8108
8103
8103
8096
8100
8100
8095
8095
8095
8096
8096
8092
8092
8091
8096
8096
8100
8099
8099
8097
8097
8092
8090
8090
8089
8089
8094
8094
8094
8096
8096
8099
8102
8102
8099
8100
8100
8099
8099
8099
8098
8098
8098
8098
8100
8100
8100
8098
8098
8098
8098
8098
8096
8097
8097
8098
8098
8101
8104
8104
8108
8108
8112
8114
8114
8117
8117
8121
8119
8119
8122
8121
8121
8121
8121
8124
8125
8125
8126
8126
8127
8123
8123
8121
8121
8122
8122
8122
8124
8124
8124
8117
8117
8114
8113
8113
8108
8108
8108
8107
8107
8107
8107
8101
8101
8101
8103
8106
8106
8102
8102
8098
8096
8096
8093
8093
8095
8093
8093
8090
8090
8085
8086
8086
8086
8086
8086
8083
8083
8078
8077
8077
8074
8074
8075
8077
8077
8079
8079
8080
8080
8080
8081
8082
8082
8083
8083
8080
8078
8078
8079
8079
8081
8082
8082
8086
8086
8089
8091
8091
8093
8096
8096
8091
8091
8087
8091
8091
8093
8093
8097
8099
8099
8099
8099
8103
8106
8106
8105
8107
8107
8108
8108
8107
8103
8103
8100
8100
8102
8101
8101
8102
8102
8101
8105
8105
8107
8105
8105
8102
8102
8097
8097
8097
8093
8093
8098
8100
8100
8096
8096
8098
8101
8101
8100
8102
8102
8098
8098
8096
8097
8097
8099
8099
8100
8100
8100
8096
8096
8097
8098
8098
8100
8104
8104
8102
8102
8099
8103
8103
8106
8106
8107
8107
8107
8106
8110
8110
8110
8110
8109
8110
8110
8109
8109
8114
8120
8120
8121
8121
8125
8123
8123
8119
8118
8118
8115
8115
8118
8123
8123
8125
8125
8126
8131
8131
8132
8132
8140
8143
8143
8135
8139
8139
8141
8141
8140
8148
8148
8144
8144
8134
8138
8138
8142
8142
8146
8149
8149
8147
8152
8152
8151
8151
8153
8154
8154
8155
8155
8153
8148
8148
8145
8145
8141
8142
8142
8145
8141
8141
8136
8136
8138
8132
8132
8129
8129
8129
8128
8128
8120
8120
8122
8122
8122
8119
8121
8121
8125
8125
8126
8127
8127
8131
8131
8135
8141
8141
8141
8141
8145
8151
8151
8157
8163
8163
8167
8167
8165
8165
8165
8165
8165
8174
8182
8182
8184
8184
8189
8189
8189
8190
8191
8191
8193
8193
8198
8197
8197
8198
8198
8197
8197
8197
8196
8196
8198
8198
8198
8199
8201
8201
8201
8201
8195
8190
8190
8186
8186
8179
8177
8177
8176
8176
8171
8166
8166
8164
8167
8167
8168
8168
8166
8163
8163
8157
8157
8157
8162
8162
8163
8163
8162
8159
8159
8165
8168
8168
8161
8161
8161

