8772
8782
8790
8797
8797
8808
8814
8821
8832
8840
8845
8845
8853
8865
8875
8884
8893
8901
8901
8910
8915
8924
8935
8948
8957
8957
8967
8970
8975
8985
8995
9003
9003
9006
9013
9018
9027
9031
9036
9036
9038
9044
9045
9045
9046
9049
9052
9052
9051
9056
9057
9056
9054
9055
9055
9056
9057
9058
9061
9060
9060
9060
9064
9068
9072
9072
9072
9077
9077
9080
9084
9089
9097
9104
9109
9109
9114
9117
9126
9135
9140
9148
9148
9156
9163
9171
9182
9192
9206
9206
9218
9225
9237
9244
9256
9269
9269
9281
9289
9302
9307
9319
9330
9330
9341
9350
9360
9369
9379
9386
9386
9396
9406
9418
9420
9425
9433
9433
9444
9447
9449
9452
9453
9454
9454
9457
9460
9461
9462
9467
9470
9470
9469
9466
9464
9460
9457
9461
9461
9460
9459
9464
9459
9452
9447
9447
9441
9432
9425
9419
9414
9405
9405
9403
9394
9392
9392
9390
9386
9386
9381
9379
9379
9379
9379
9381
9381
9385
9388
9390
9392
9390
9387
9387
9386
9381
9374
9372
9373
9371
9371
9369
9366
9361
9357
9356
9354
9354
9343
9338
9332
9330
9326
9325
9325
9321
9318
9312
9308
9301
9293
9283
9283
9275
9268
9260
9249
9241
9234
9234
9226
9212
9198
9184
9169
9160
9160
9147
9137
9126
9115
9104
9092
9092
9083
9074
9069
9061
9052
9046
9046
9042
9037
9033
9030
9025
9019
9019
9014
9006
9004
9002
8997
8990
8990
8990
8982
8974
8970
8964
8957
8957
8953
8947
8941
8935
8928
8924
8924
8920
8915
8910
8905
8902
8900
8900
8897
8894
8892
8891
8890
8890
8890
8891
8890
8886
8882
8880
8878
8878
8877
8874
8870
8868
8867
8864
8864
8861
8858
8853
8846
8841
8840
8840
8837
8834
8830
8828
8824
8820
8820
8818
8814
8812
8812
8810
8806
8806
8812
8809
8808
8811
8815
8816
8816
8819
8819
8823
8824
8828
8834
8834
8835
8838
8841
8840
8842
8842
8842
8843
8842
8845
8845
8844
8842
8842
8845
8847
8849
8850
8853
8849
8849
8846
8843
8840
8841
8839
8834
8834
8831
8824
8823
8822
8817
8814
8811
8811
8806
8805
8805
8804
8801
8804
8804
8804
8803
8806
8808
8811
8814
8814
8817
8821
8823
8826
8833
8841
8841
8844
8850
8855
8859
8859
8860
8860
8866
8872
8875
8876
8880
8880
8880
8878
8880
8885
8889
8892
8897
8897
8904
8908
8912
8918
8921
8926
8926
8932
8938
8942
8944
8946
8951
8951
8955
8962
8964
8972
8981
8984
8984
8991
8996
9002
9010
9010
9029
9029
9033
9039
9051
9061
9071
9087
9087
9103
9113
9128
9140
9158
9170
9170
9187
9200
9219
9234
9248
9260
9260
9277
9290
9300
9309
9318
9327
9327
9340
9355
9368
9376
9389
9404
9404
9416
9430
9445
9461
9472
9485
9485
9499
9513
9527
9535
9544
9556
9556
9561
9566
9571
9576
9580
9590
9590
9600
9608
9611
9619
9626
9633
9633
9639
9646
9656
9665
9682
9692
9702
9702
9708
9716
9722
9728
9727
9729
9729
9729
9732
9735
9734
9732
9732
9732
9732
9728
9724
9716
9705
9700
9700
9692
9686
9673
9666
9655
9646
9646
9637
9625
9617
9602
9589
9580
9580
9567
9556
9541
9528
9516
9506
9506
9497
9483
9473
9462
9450
9443
9443
9436
9422
9412
9402
9394
9387
9387
9384
9376
9363
9358
9349
9343
9343
9333
9323
9315
9304
9295
9288
9288
9282
9273
9265
9256
9245
9234
9234
9227
9217
9211
9198
9192
9184
9184
9176
9165
9156
9153
9145
9139
9139
9131
9123
9114
9102
9091
9081
9081
9069
9059
9052
9041
9030
9019
9019
9011
9001
8991
8980
8971
8960
8960
8953
8944
8935
8925
8916
8903
8903
8894
8886
8878
8871
8861
8855
8855
8851
8843
8837
8832
8830
8826
8826
8823
8819
8818
8816
8810
8803
8803
8798
8797
8796
8797
8793
8793
8791
8791
8787
8785
8779
8780
8778
8775
8775
8772
8771
8772
8769
8766
8761
8761
8759
8758
8756
8750
8746
8743
8743
8742
8738
8737
8733
8727
8724
8724
8717
8711
8705
8700
8695
8690
8690
8685
8685
8677
8676
8677
8675
8675
8670
8669
8665
8662
8660
8655
8655
8657
8659
8658
8656
8653
8656
8656
8656
8654
8649
8650
8650
8651
8651
8656
8657
8656
8655
8660
8662
8662
8661
8661
8663
8665
8671
8675
8675
8680
8686
8690
8697
8705
8712
8712
8722
8728
8733
8740
8744
8747
8747
8755
8763
8774
8783
8791
8801
8801
8808
8815
8823
8833
8841
8852
8852
8856
8861
8869
8880
8886
8898
8898
8905
8907
8911
8920
8926
8934
8934
8942
8952
8958
8960
8962
8965
8965
8973
8978
8984
8990
8992
8995
8995
8995
8994
8994
8995
8996
8997
8997
9000
9000
9003
9004
9008
9013
9013
9015
9020
9030
9036
9046
9056
9063
9063
9069
9075
9080
9087
9095
9105
9105
9113
9124
9132
9140
9153
9166
9166
9176
9189
9204
9217
9231
9244
9244
9261
9281
9300
9319
9339
9357
9357
9375
9394
9411
9429
9450
9468
9468
9484
9497
9510
9518
9530
9539
9539
9554
9561
9570
9574
9581
9586
9586
9592
9596
9599
9606
9606
9610
9610
9614
9615
9620
9620
9621
9618
9618
9620
9618
9618
9614
9615
9612
9612
9613
9603
9598
9591
9577
9569
9569
9563
9555
9547
9544
9544
9541
9541
9540
9532
9526
9521
9511
9506
9506
9500
9493
9487
9485
9481
9473
9473
9464
9458
9449
9441
9435
9429
9429
9422
9412
9400
9390
9383
9376
9376
9363
9349
9342
9328
9317
9308
9308
9300
9288
9280
9269
9261
9256
9256
9253
9247
9237
9231
9220
9211
9211
9203
9195
9190
9186
9179
9175
9170
9170
9162
9156
9150
9147
9142
9136
9136
9131
9127
9125
9121
9119
9118
9118
9112
9107
9100
9093
9089
9084
9084
9076
9069
9062
9052
9044
9038
9038
9033
9028
9026
9021
9013
9010
9010
9004
8998
8992
8986
8978
8975
8975
8970
8965
8963
8964
8962
8957
8957
8957
8951
8949
8943
8938
8939
8939

