5560
5515
5470
5470
5426
5382
5336
5290
5243
5196
5196
5152
5104
5059
5013
4970
4926
4926
4884
4840
4797
4751
4702
4653
4653
4604
4554
4507
4464
4418
4385
4385
4344
4301
4263
4227
4193
4156
4156
4126
4097
4070
4043
4022
4002
4002
3984
3967
3955
3940
3926
3920
3920
3915
3906
3900
3894
3893
3889
3889
3883
3876
3869
3860
3850
3840
3840
3829
3817
3805
3789
3773
3755
3755
3736
3714
3692
3668
3643
3617
3617
3590
3563
3535
3505
3474
3444
3444
3411
3374
3334
3297
3263
3227
3227
3195
3163
3131
3099
3063
3032
3000
3000
2963
2931
2899
2870
2840
2809
2809
2772
2735
2708
2681
2658
2636
2636
2615
2588
2569
2550
2539
2527
2527
2518
2509
2500
2485
2477
2466
2466
2458
2457
2454
2456
2459
2466
2466
2469
2472
2474
2483
2494
2509
2509
2533
2561
2591
2624
2658
2689
2689
2719
2747
2777
2803
2826
2844
2844
2861
2876
2892
2903
2912
2919
2919
2928
2935
2935
2937
2942
2957
2957
2975
2993
3017
3035
3055
3074
3074
3092
3110
3130
3151
3174
3196
3196
3217
3238
3261
3288
3311
3333
3333
3357
3384
3414
3446
3480
3516
3516
3559
3603
3652
3699
3741
3785
3785
3827
3873
3916
3962
4007
4055
4055
4103
4148
4200
4249
4303
4356
4356
4410
4455
4500
4545
4587
4627
4627
4661
4692
4722
4757
4791
4828
4828
4870
4908
4944
4973
5008
5034
5034
5061
5090
5120
5149
5175
5203
5203
5221
5244
5267
5288
5310
5336
5361
5361
5386
5415
5438
5460
5480
5501
5501
5519
5535
5552
5563
5575
5586
5586
5600
5615
5631
5649
5660
5677
5677
5693
5712
5733
5753
5772
5791
5791
5810
5836
5858
5879
5898
5919
5919
5936
5956
5975
5997
6016
6035
6035
6052
6071
6086
6101
6110
6115
6115
6116
6114
6113
6104
6094
6083
6083
6072
6058
6040
6023
6010
5997
5997
5989
5979
5972
5965
5959
5949
5949
5939
5934
5929
5923
5917
5911
5911
5903
5900
5900
5902
5901
5903
5903
5911
5917
5922
5923
5927
5935
5935
5938
5941
5942
5947
5952
5954
5954
5954
5953
5954
5946
5934
5925
5925
5912
5899
5885
5869
5846
5821
5821
5793
5762
5731
5700
5666
5632
5632
5598
5562
5532
5502
5474
5447
5447
5420
5396
5371
5348
5321
5292
5292
5257
5220
5183
5150
5111
5076
5076
5036
5002
4965
4931
4899
4871
4871
4845
4821
4795
4767
4742
4716
4686
4686
4660
4634
4607
4581
4558
4536
4536
4508
4484
4452
4422
4388
4355
4355
4315
4274
4225
4172
4119
4062
4062
3999
3937
3872
3805
3736
3666
3666
3593
3522
3449
3373
3299
3228
3228
3159
3092
3026
2964
2910
2855
2855
2805
2755
2708
2661
2615
2566
2566
2517
2469
2420
2374
2334
2294
2294
2249
2208
2169
2136
2101
2074
2074
2051
2028
2007
1986
1967
1945
1945
1920
1896
1870
1845
1824
1804
1804
1785
1766
1747
1725
1703
1682
1682
1663
1651
1640
1635
1635
1636
1636
1643
1653
1660
1665
1675
1689
1689
1705
1722
1746
1775
1808
1843
1843
1885
1928
1975
2022
2075
2126
2126
2185
2240
2295
2347
2402
2453
2453
2503
2554
2606
2653
2700
2740
2740
2780
2816
2849
2887
2922
2952
2952
2985
3021
3055
3090
3121
3151
3178
3178
3205
3227
3249
3271
3291
3319
3319
3353
3385
3426
3463
3499
3534
3534
3567
3601
3636
3677
3719
3764
3764
3812
3859
3900
3946
3988
4032
4032
4073
4114
4156
4200
4243
4286
4286
4326
4366
4409
4446
4491
4538
4538
4584
4630
4675
4717
4756
4790
4790
4826
4857
4889
4917
4948
4977
4977
5001
5024
5050
5077
5103
5131
5131
5160
5184
5210
5232
5254
5274
5274
5300
5324
5345
5379
5402
5419
5419
5441
5461
5484
5503
5528
5550
5550
5576
5597
5619
5644
5666
5691
5691
5717
5745
5772
5799
5828
5854
5854
5879
5895
5915
5935
5957
5976
5976
5995
6015
6032
6050
6061
6074
6074
6090
6103
6120
6135
6146
6161
6161
6175
6187
6203
6219
6235
6249
6249
6267
6282
6297
6311
6325
6339
6339
6351
6363
6376
6382
6389
6398
6398
6409
6422
6428
6433
6439
6440
6440
6436
6427
6417
6406
6397
6382
6366
6366
6351
6332
6315
6300
6280
6260
6260
6243
6222
6196
6167
6137
6108
6108
6081
6053
6022
5992
5957
5928
5928
5896
5869
5840
5804
5767
5734
5734
5708
5677
5648
5608
5568
5525
5525
5489
5450
5411
5365
5324
5288
5288
5250
5205
5162
5123
5092
5060
5060
5022
4982
4945
4916
4887
4848
4848
4815
4778
4740
4707
4678
4647
4647
4617
4585
4555
4527
4507
4487
4487
4471
4456
4447
4442
4440
4435
4435
4425
4412
4402
4388
4366
4346
4346
4322
4297
4274
4246
4212
4175
4175
4142
4107
4075
4047
4016
3986
3986
3955
3927
3901
3873
3843
3811
3811
3776
3742
3706
3665
3623
3576
3576
3532
3483
3433
3381
3323
3267
3267
3209
3150
3089
3029
2967
2906
2906
2849
2791
2736
2685
2632
2584
2584
2537
2493
2452
2409
2375
2342
2342
2312
2282
2251
2223
2199
2177
2155
2155
2132
2112
2092
2072
2051
2034
2034
2020
2009
2001
1991
1983
1978
1978
1980
1987
1998
2014
2037
2064
2064
2098
2133
2158
2182
2203
2225
2225
2247
2267
2294
2325
2356
2387
2387
2416
2446
2479
2513
2544
2575
2575
2611
2654
2704
2747
2791
2838
2838
2882
2924
2974
3029
3082
3134
3134
3187
3244
3307
3378
3448
3513
3513
3585
3631
3682
3727
3764
3795
3795
3824
3851
3879
3905
3937
3964
3964
3996
4027
4060
4096
4130
4153
4153
4180
4203
4230
4266
4301
4343
4343
4386
4422
4459
4494
4522
4546
4546
4571
4593
4617
4643
4676
4710
4710
4745
4780
4820
4859
4898
4940
4940
4979
5012
5045
5076
5108
5135
5135
5164
5190
5220
5250
5280
5307
5307
5335
5359
5383
5403
5416
5429
5429
5446
5465
5483
5501
5523
5540
5540
5553
5567

