7809
7809
7804
7797
7793
7788
7783
7776
7776
7770
7762
7759
7760
7761
7758
7759
7759
7754
7752
7750
7745
7742
7748
7748
7749
7746
7744
7737
7736
7735
7735
7733
7733
7726
7722
7720
7713
7713
7712
7709
7706
7707
7706
7705
7705
7704
7709
7708
7707
7704
7705
7705
7705
7707
7711
7712
7718
7719
7719
7718
7716
7716
7716
7718
7716
7716
7717
7719
7719
7721
7723
7728
7728
7729
7726
7723
7721
7725
7728
7728
7731
7736
7736
7739
7739
7741
7741
7740
7738
7737
7741
7744
7747
7747
7746
7752
7760
7760
7762
7771
7771
7772
7774
7773
7777
7784
7795
7795
7796
7791
7794
7796
7802
7813
7813
7816
7819
7818
7818
7817
7822
7822
7828
7830
7834
7842
7844
7838
7838
7835
7836
7838
7845
7850
7856
7856
7861
7868
7868
7869
7872
7874
7874
7879
7883
7892
7903
7913
7923
7923
7930
7935
7941
7949
7953
7960
7960
7963
7970
7977
7983
7991
7995
7995
7997
7999
8005
8006
8010
8016
8019
8019
8024
8031
8036
8042
8045
8054
8054
8061
8066
8070
8072
8075
8082
8082
8082
8088
8084
8084
8080
8087
8087
8093
8096
8098
8100
8105
8105
8105
8108
8108
8114
8122
8125
8129
8129
8144
8152
8158
8159
8160
8160
8160
8162
8166
8164
8169
8174
8173
8173
8174
8171
8165
8166
8168
8169
8169
8168
8169
8170
8168
8169
8171
8171
8177
8180
8180
8179
8182
8181
8181
8184
8183
8181
8180
8179
8179
8179
8179
8173
8163
8160
8155
8149
8149
8146
8140
8142
8142
8140
8134
8134
8131
8128
8123
8123
8119
8122
8122
8127
8126
8124
8120
8111
8114
8114
8113
8110
8109
8106
8101
8098
8098
8096
8087
8085
8083
8082
8085
8085
8082
8076
8074
8073
8074
8072
8072
8073
8070
8069
8068
8067
8062
8062
8062
8059
8057
8053
8052
8048
8048
8041
8037
8032
8029
8021
8015
8008
8008
8005
8002
7996
7992
7987
7985
7985
7979
7977
7971
7972
7966
7963
7963
7961
7962
7958
7957
7960
7958
7958
7961
7959
7958
7960
7959
7957
7957
7961
7959
7956
7953
7955
7956
7956
7956
7961
7959
7955
7953
7956
7956
7952
7957
7960
7962
7959
7955
7955
7956
7956
7953
7954
7952
7957
7957
7956
7953
7953
7951
7947
7942
7942
7941
7939
7941
7941
7940
7935
7935
7931
7927
7926
7921
7914
7909
7909
7908
7905
7899
7896
7892
7889
7889
7892
7888
7886
7887
7883
7882
7882
7880
7879
7875
7875
7872
7866
7866
7865
7865
7862
7859
7863
7864
7864
7868
7866
7866
7862
7858
7851
7851
7848
7843
7838
7835
7827
7816
7816
7810
7805
7796
7792
7783
7773
7773
7759
7755
7743
7732
7724
7718
7718
7717
7717
7714
7709
7704
7704
7704
7706
7707
7710
7718
7724
7732
7741
7741
7755
7761
7769
7775
7782
7789
7789
7794
7797
7803
7812
7813
7819
7819
7826
7836
7846
7856
7857
7859
7859
7864
7866
7867
7866
7868
7870
7870
7876
7877
7882
7880
7883
7882
7882
7878
7875
7875
7873
7873
7878
7878
7874
7873
7876
7878
7886
7894
7894
7900
7907
7913
7922
7932
7941
7941
7955
7972
7986
7999
8010
8020
8020
8034
8049
8064
8074
8086
8101
8101
8107
8111
8117
8126
8133
8139
8139
8146
8156
8151
8153
8157
8159
8159
8158
8156
8153
8155
8157
8157
8157
8161
8162
8167
8170
8169
8173
8173
8167
8166
8167
8170
8172
8173
8173
8182
8185
8188
8192
8188
8190
8190
8193
8196
8199
8206
8211
8221
8221
8234
8240
8241
8245
8252
8259
8259
8263
8264
8265
8269
8270
8271
8271
8279
8286
8287
8287
8294
8291
8291
8287
8288
8284
8282
8279
8275
8276
8276
8276
8266
8257
8251
8248
8242
8242
8237
8233
8229
8231
8232
8233
8233
8229
8226
8224
8219
8219
8219
8219
8214
8213
8209
8206
8200
8196
8196
8187
8188
8190
8190
8188
8187
8187
8187
8188
8185
8184
8179
8170
8170
8166
8162
8161
8160
8152
8144
8144
8136
8128
8121
8113
8106
8106
8106
8105
8097
8086
8074
8063
8058
8058
8046
8039
8032
8025
8021
8018
8018
8011
8003
8001
7996
7994
7987
7987
7987
7981
7975
7971
7969
7969
7969
7961
7957
7957
7951
7944
7935
7935
7930
7916
7904
7896
7885
7875
7875
7864
7855
7860
7830
7817
7812
7812
7806
7801
7795
7787
7784
7781
7781
7773
7765
7756
7752
7745
7736
7736
7727
7721
7722
7724
7724
7719
7719
7718
7715
7712
7709
7707
7706
7706
7701
7698
7692
7683
7676
7675
7675
7667
7657
7652
7642
7634
7636
7636
7632
7630
7629
7621
7618
7618
7612
7612
7614
7612
7612
7611
7609
7604
7604
7606
7608
7609
7611
7616
7619
7619
7622
7623
7628
7635
7642
7646
7646
7652
7662
7667
7674
7675
7680
7680
7688
7694
7699
7707
7714
7719
7719
7724
7730
7733
7746
7755
7762
7762
7766
7775
7784
7791
7795
7803
7803
7813
7822
7833
7838
7845
7846
7846
7849
7851
7851
7857
7857
7859
7859
7861
7861
7861
7865
7870
7876
7876
7878
7881
7885
7890
7894
7895
7895
7898
7903
7910
7917
7924
7931
7931
7939
7947
7958
7969
7973
7977
7977
7986
7995
8004
8010
8021
8029
8029
8034
8043
8050
8061
8071
8079
8079
8093
8104
8112
8119
8126
8133
8133
8139
8141
8141
8145
8153
8157
8157
8162
8157
8155
8159
8159
8156
8156
8155
8154
8156
8157
8159
8161
8161
8165
8164
8164
8162
8165
8168
8168
8168
8170
8170
8173
8174
8183
8185
8185
8183
8183
8184
8188
8190
8192
8192
8192
8189
8184
8183
8180
8176
8176
8171
8165
8158
8151
8148
8154
8154
8152
8148
8142
8134
8132
8136
8136
8139
8143
8141
8143
8143
8142
8142
8139
8136
8135
8135
8137
8133
8133
8129
8123
8120
8113
8116
8112
8112
8112
8108
8102
8093
8087
8082
8082
8073
8071
8066
8061
8062
8059
8059
8058
8051
8047
8041
8035
8030
8030
8021
8012
8006
7997
7990
7986
7986
7977
7968
7962

