8374
8375
8377
8377
8374
8377
8375
8371
8368
8365
8363
8362
8366
8366
8372
8374
8376
8379
8379
8378
8376
8377
8377
8379
8376
8374
8370
8371
8372
8373
8372
8371
8371
8374
8375
8374
8370
8372
8373
8374
8377
8375
8375
8376
8373
8375
8371
8366
8368
8365
8366
8368
8368
8370
8370
8370
8371
8373
8378
8382
8378
8377
8377
8380
8379
8377
8378
8376
8374
8374
8373
8373
8375
8374
8372
8375
8375
8372
8374
8373
8373
8373
8375
8373
8375
8374
8376
8378
8378
8376
8375
8375
8374
8371
8370
8372
8372
8374
8373
8375
8376
8376
8374
8373
8374
8373
8373
8373
8374
8373
8373
8375
8376
8373
8372
8374
8375
8376
8376
8375
8375
8378
8377
8375
8375
8372
8372
8373
8376
8377
8377
8374
8371
8372
8372
8371
8370
8371
8371
8371
8371
8375
8373
8372
8371
8373
8372
8373
8372
8372
8372
8372
8375
8375
8376
8378
8378
8378
8375
8375
8373
8368
8364
8367
8370
8372
8377
8376
8373
8373
8370
8369
8375
8374
8378
8376
8375
8375
8375
8375
8375
8376
8377
8376
8378
8373
8368
8366
8371
8371
8375
8379
8376
8371
8373
8371
8372
8373
8376
8376
8375
8374
8372
8375
8375
8377
8376
8378
8378
8377
8375
8373
8371
8374
8375
8375
8373
8372
8372
8367
8368
8367
8367
8370
8373
8376
8376
8379
8379
8376
8373
8372
8373
8373
8376
8377
8374
8372
8372
8372
8376
8376
8373
8375
8373
8371
8371
8371
8371
8376
8380
8379
8374
8373
8371
8374
8378
8378
8379
8380
8379
8378
8378
8374
8373
8372
8373
8373
8374
8377
8373
8372
8372
8375
8376
8376
8374
8374
8371
8367
8369
8371
8373
8376
8376
8375
8375
8375
8372
8371
8375
8377
8378
8375
8374
8378
8378
8376
8376
8372
8373
8375
8376
8379
8378
8375
8375
8378
8375
8373
8370
8369
8369
8370
8374
8374
8374
8376
8373
8370
8370
8369
8372
8373
8373
8371
8371
8372
8372
8367
8365
8369
8373
8374
8374
8373
8373
8374
8372
8373
8376
8375
8372
8372
8377
8377
8377
8375
8374
8378
8379
8376
8379
8379
8382
8382
8379
8380
8375
8377
8377
8376
8371
8370
8373
8373
8373
8373
8372
8373
8373
8374
8376
8374
8372
8372
8372
8371
8370
8374
8371
8372
8373
8378
8375
8375
8375
8374
8372
8371
8374
8373
8372
8373
8373
8373
8372
8375
8374
8370
8372
8376
8374
8373
8373
8373
8370
8371
8374
8374
8376
8375
8370
8369
8369
8371
8374
8372
8374
8374
8372
8369
8369
8370
8370
8373
8375
8376
8375
8375
8374
8370
8370
8372
8372
8372
8373
8374
8376
8374
8376
8379
8383
8383
8381
8377
8380
8375
8371
8373
8375
8377
8379
8379
8378
8375
8375
8375
8375
8377
8376
8376
8376
8376
8373
8373
8369
8369
8368
8370
8369
8371
8372
8372
8372
8369
8371
8374
8380
8379
8380
8376
8376
8373
8372
8371
8369
8372
8368
8371
8371
8374
8374
8376
8373
8374
8373
8371
8371
8373
8375
8376
8376
8377
8374
8375
8376
8378
8380
8378
8375
8372
8372
8373
8372
8372
8373
8376
8372
8371
8371
8370
8370
8371
8371
8373
8371
8374
8377
8375
8372
8372
8369
8368
8367
8370
8373
8372
8370
8369
8371
8371
8374
8375
8376
8375
8375
8374
8374
8375
8374
8374
8371
8369
8369
8370
8371
8372
8371
8374
8369
8369
8369
8367
8369
8370
8370
8374
8376
8378
8375
8375
8373
8367
8367
8366
8369
8374
8377
8376
8376
8375
8372
8374
8377
8377
8375
8376
8379
8377
8377
8374
8375
8380
8378
8379
8377
8378
8374
8370
8370
8370
8371
8371
8373
8374
8373
8376
8378
8374
8374
8378
8374
8375
8371
8367
8367
8370
8371
8375
8375
8375
8377
8375
8372
8374
8374
8374
8374
8374
8375
8373
8373
8372
8374
8372
8372
8371
8374
8374
8374
8375
8371
8371
8372
8371
8373
8369
8371
8371
8370
8369
8369
8371
8373
8375
8373
8369
8370
8370
8374
8373
8375
8377
8376
8374
8372
8375
8373
8373
8376
8378
8373
8371
8369
8371
8371
8376
8376
8377
8378
8378
8377
8377
8378
8378
8377
8374
8374
8374
8376
8376
8378
8374
8372
8372
8372
8372
8372
8374
8374
8374
8373
8371
8372
8373
8378
8379
8379
8379
8376
8376
8375
8377
8378
8380
8378
8378
8376
8379
8376
8379
8377
8378
8377
8377
8376
8376
8375
8374
8375
8376
8376
8374
8375
8376
8376
8376
8380
8376
8377
8375
8377
8371
8371
8371
8370
8370
8370
8368
8369
8367
8372
8373
8371
8372
8372
8372
8372
8371
8373
8373
8371
8372
8372
8370
8370
8367
8370
8371
8374
8375
8378
8380
8378
8377
8377
8377
8377
8373
8377
8380
8376
8371
8371
8368
8368
8373
8376
8378
8380
8376
8373
8378
8382
8382
8382
8380
8381
8377
8376
8373
8370
8371
8373
8376
8376
8374
8374
8372
8371
8374
8374
8378
8377
8377
8377
8374
8372
8369
8370
8372
8372
8372
8373
8373
8375
8373
8374
8375
8377
8377
8376
8377
8375
8375
8373
8375
8376
8377
8377
8376
8374
8373
8372
8372
8373
8372
8371
8376
8378
8380
8379
8378
8381
8381
8381
8374
8370
8370
8369
8370
8374
8373
8373
8374
8374
8376
8370
8368
8371
8371
8371
8373
8373
8373
8374
8370
8371
8376
8380
8378
8379
8374
8374
8380
8380
8376
8379
8378
8376
8374
8372
8376
8376
8377
8375
8377
8376
8375
8374
8374
8370
8370
8375
8370
8375
8374
8372
8375
8373
8376
8377
8377
8376
8378
8379
8366
8375
8366
8376
8375
8379
8379
8379
8381
8372
8377
8367
8373
8376
8380
8382
8382
8383
8382
8378
8372
8371
8372
8372
8373
8369
8369
8365
8368
8371
8374
8376
8373
8379
8373
8373
8372
8373
8375
8376
8373
8375
8375
8375
8374
8374
8377
8376
8377
8377
8375
8372
8372
8374
8372
8372
8376
8376
8373
8367
8364
8369
8374
8375
8373
8373
8375
8373
8372
8372
8371
8377
8377
8370
8378
8378
8370
8366
8366
8367
8372
8375

