11580
11580
11581
11575
11573
11576
11578
11581
11587
11585
11585
11585
11588
11582
11575
11576
11575
11573
11577
11576
11576
11578
11578
11576
11577
11576
11576
11578
11575
11574
11574
11578
11580
11576
11575
11575
11575
11574
11571
11571
11571
11572
11573
11581
11582
11577
11575
11573
11573
11574
11574
11574
11574
11576
11573
11571
11571
11572
11575
11574
11574
11571
11573
11575
11575
11578
11580
11584
11585
11585
11579
11580
11578
11579
11580
11582
11581
11578
11582
11582
11582
11579
11575
11575
11575
11573
11576
11580
11577
11577
11578
11576
11579
11580
11579
11577
11575
11580
11579
11579
11583
11584
11579
11578
11577
11572
11574
11574
11575
11575
11575
11576
11573
11574
11576
11577
11579
11578
11578
11579
11576
11574
11572
11574
11575
11576
11575
11576
11576
11579
11577
11578
11576
11576
11576
11575
11574
11576
11576
11580
11580
11582
11582
11583
11584
11582
11584
11582
11582
11579
11580
11580
11580
11579
11580
11577
11575
11575
11575
11576
11580
11579
11579
11578
11581
11578
11577
11577
11576
11577
11580
11580
11578
11579
11584
11584
11582
11582
11578
11576
11576
11578
11580
11579
11578
11580
11581
11581
11580
11578
11578
11580
11579
11578
11571
11573
11575
11575
11581
11580
11579
11586
11587
11585
11582
11584
11584
11583
11584
11580
11581
11580
11579
11578
11579
11578
11578
11578
11576
11581
11582
11581
11579
11578
11582
11586
11586
11590
11586
11581
11579
11579
11579
11579
11578
11576
11576
11581
11579
11575
11581
11579
11579
11577
11574
11574
11574
11576
11577
11585
11582
11577
11579
11580
11577
11577
11583
11580
11578
11579
11577
11574
11571
11568
11567
11567
11571
11572
11575
11575
11575
11571
11587
11573
11572
11572
11573
11572
11576
11575
11576
11583
11581
11583
11583
11583
11581
11578
11577
11580
11579
11578
11580
11580
11579
11579
11578
11575
11578
11576
11579
11583
11580
11579
11579
11578
11580
11576
11576
11578
11578
11575
11575
11577
11577
11579
11579
11580
11580
11576
11577
11576
11581
11581
11581
11586
11578
11576
11581
11581
11579
11584
11585
11582
11582
11576
11576
11576
11579
11579
11575
11574
11572
11572
11577
11584
11581
11588
11584
11583
11581
11583
11579
11579
11578
11579
11584
11586
11586
11579
11575
11576
11577
11577
11579
11565
11579
11580
11579
11579
11577
11575
11577
11577
11580
11580
11577
11579
11584
11579
11582
11582
11579
11579
11586
11582
11581
11582
11580
11578
11577
11577
11577
11577
11572
11569
11567
11572
11573
11576
11580
11574
11574
11576
11577
11575
11578
11581
11583
11582
11583
11582
11582
11587
11587
11580
11574
11576
11581
11580
11579
11580
11580
11575
11575
11576
11582
11587
11585
11579
11581
11577
11577
11576
11576
11575
11577
11578
11581
11579
11576
11576
11575
11577
11580
11582
11582
11579
11579
11578
11580
11580
11580
11585
11582
11578
11577
11576
11573
11578
11579
11579
11580
11582
11579
11581
11580
11576
11581
11582
11579
11579
11580
11576
11579
11578
11582
11576
11575
11577
11578
11578
11580
11582
11578
11577
11581
11582
11577
11577
11577
11579
11577
11576
11579
11578
11580
11579
11575
11575
11575
11576
11576
11577
11582
11585
11588
11588
11582
11580
11580
11578
11576
11576
11576
11581
11579
11580
11575
11574
11574
11574
11576
11577
11577
11577
11576
11575
11579
11579
11578
11578
11574
11573
11573
11574
11577
11577
11574
11574
11571
11576
11576
11575
11575
11575
11577
11578
11582
11582
11584
11580
11577
11575
11571
11571
11571
11574
11574
11574
11577
11580
11584
11583
11583
11579
11576
11577
11580
11580
11576
11575
11573
11573
11573
11571
11571
11578
11578
11577
11576
11573
11576
11578
11579
11581
11584
11585
11585
11583
11582
11583
11583
11582
11582
11581
11581
11585
11585
11584
11582
11585
11586
11585
11581
11581
11579
11581
11581
11578
11574
11577
11576
11572
11572
11574
11574
11576
11576
11579
11578
11580
11582
11577
11576
11578
11577
11577
11577
11581
11584
11578
11577
11577
11579
11579
11580
11580
11578
11578
11576
11576
11574
11573
11574
11571
11573
11573
11579
11578
11580
11583
11578
11578
11578
11573
11573
11573
11577
11577
11577
11580
11576
11577
11574
11577
11576
11576
11578
11579
11582
11585
11586
11584
11575
11577
11577
11576
11577
11577
11582
11582
11585
11591
11591
11589
11589
11588
11589
11578
11578
11576
11577
11580
11581
11579
11579
11580
11576
11578
11582
11583
11584
11587
11582
11576
11576
11578
11578
11582
11582
11583
11588
11586
11581
11576
11576
11578
11577
11579
11582
11582
11579
11578
11578
11578
11579
11580
11582
11586
11579
11578
11578
11579
11580
11580
11579
11576
11578
11576
11577
11578
11581
11579
11578
11578
11577
11575
11577
11577
11578
11578
11577
11574
11571
11571
11574
11575
11571
11572
11576
11579
11577
11580
11580
11581
11576
11574
11579
11582
11580
11577
11581
11580
11580
11580
11581
11582
11583
11580
11582
11581
11579
11571
11571
11569
11571
11573
11574
11580
11579
11580
11580
11579
11579
11584
11586
11584
11582
11582
11580
11577
11574
11573
11573
11575
11576
11577
11580
11575
11573
11574
11576
11576
11577
11575
11579
11577
11580
11579
11580
11581
11583
11583
11582
11580
11579
11581
11581
11581
11580
11578
11577
11577
11575
11576
11576
11576
11579
11579
11581
11580
11580
11580
11580
11575
11576
11578
11575
11575
11574
11576
11578
11578
11578
11577
11577
11580
11577
11575
11574
11576
11576
11578
11581
11582
11581
11582
11583
11582
11578
11579
11579
11576
11577
11581
11579
11578
11579
11580
11585
11585
11585
11584
11579
11574
11570
11573
11576
11576
11578
11579
11579
11578
11575
11574
11578
11578
11575
11576
11579
11579
11579
11580
11587
11577
11573
11580
11578
11584
11584
11584
11567
11577
11580
11578
11581
11584
11582
11585
11582
11582
11582
11580
11573
11575
11576
11576
11578
11584
11587
11587
11588
11577
11577
11575
11576
11575
11572
11576
11575
11575
11577
11583
11581
11578
11581
11586
11583
11584
11584
11585
11580
11575
11577
11579
11582
11580
11581
11576
11576
11575
11575
11576
11580
11578
11579
11576
11576
11573
11573
11574
11577
11575
11579
11584
11583
11586
11582
11581
11581
11576
11579
11578
11580
11579
11580
11571
11577
11591
11591
11576
11576
11574
11567
11586
11597
11578
11581

