551
551
553
554
550
547
529
535
547
545
562
597
553
555
555
567
557
544
564
585
571
559
533
609
545
545
558
543
541
542
532
526
532
559
574
484
567
547
554
562
545
558
549
563
552
558
554
547
548
551
539
550
556
557
571
582
542
553
548
558
554
553
540
527
526
527
586
669
535
642
552
582
562
554
557
544
558
548
549
551
551
564
577
553
566
554
552
549
551
550
548
541
530
527
521
559
504
596
544
563
546
578
560
558
554
556
573
549
544
548
541
544
545
529
528
525
671
511
583
532
562
545
569
553
563
547
541
565
560
549
551
547
550
547
554
549
551
553
550
540
523
526
556
672
527
585
518
570
538
582
554
572
555
555
553
583
559
555
562
547
552
541
551
550
545
557
554
554
553
553
553
554
554
552
551
553
554
554
553
552
553
553
553
552
552
553
554
553
552
553
553
554
553
550
526
526
527
534
551
524
568
563
570
559
559
556
547
547
557
553
555
571
544
572
548
551
551
550
546
551
553
549
550
550
553
554
553
552
552
553
553
552
552
552
553
552
552
552
552
552
552
549
524
524
529
652
640
564
558
581
554
570
552
560
552
555
524
591
550
546
565
550
553
557
545
548
560
551
550
556
552
552
552
552
554
553
552
552
554
552
553
552
553
553
553
552
553
553
551
546
525
526
530
870
591
580
556
583
553
576
547
564
549
544
563
562
533
582
575
553
557
557
555
557
551
553
557
550
551
552
552
551
553
549
551
552
555
553
551
553
553
551
553
555
552
546
527
523
533
912
591
583
570
570
555
558
560
563
553
538
558
553
554
555
557
550
551
549
551
545
555
553
551
553
554
552
553
552
552
552
553
552
552
553
552
552
553
552
552
551
550
542
530
527
556
639
585
569
559
561
555
554
552
556
553
547
550
553
554
555
557
552
554
552
553
555
553
552
553
553
554
556
554
553
553
552
556
555
553
554
553
553
554
554
553
554
555
552
557
569
548
559
559
537
565
571
552
549
542
549
547
547
545
545
542
530
521
558
555
589
553
559
545
567
559
550
559
535
549
582
548
581
562
550
558
548
558
548
550
543
553
555
555
554
553
551
552
554
550
542
528
529
520
544
591
563
577
549
570
551
557
555
566
551
561
560
553
555
548
550
550
552
547
546
551
554
555
553
553
540
528
524
534
599
546
571
569
549
566
558
560
555
564
556
551
564
564
552
557
552
551
553
546
551
548
549
556
553
553
550
553
555
553
554
550
553
555
552
551
544
524
524
532
569
566
587
552
559
557
566
553
557
549
556
557
545
558
554
548
552
544
546
544
557
549
552
555
551
553
552
553
552
551
551
547
533
528
527
555
655
561
571
558
557
563
557
549
550
561
576
547
574
541
545
551
552
554
549
571
555
550
552
543
546
560
552
551
550
551
549
550
553
555
555
553
551
551
557
553
551
549
550
551
540
527
527
528
591
554
640
547
562
547
575
561
558
548
560
547
552
551
559
559
555
545
552
548
546
550
550
551
552
553
549
551
552
552
551
553
552
550
532
524
530
551
566
562
628
565
568
537
582
544
570
563
538
545
571
552
556
553
565
541
531
545
540
540
542
548
550
549
550
548
549
546
540
521
527
526
543
638
570
565
551
557
557
558
555
551
550
545
540
549
557
555
556
553
540
541
539
540
550
551
547
546
549
551
551
550
550
548
548
549
549
549
549
548
521
527
528
530
641
738
688
552
521
577
543
587
535
540
557
552
548
540
550
557
543
532
525
539
544
548
539
541
542
536
543
545
542
539
545
544
542
544
544
533
527
524
528
535
950
589
604
532
572
543
574
568
557
562
544
552
565
563
556
550
510
528
538
543
537
544
545
542
544
550
541
545
548
543
543
546
546
546
546
545
546
545
535
530
531
536
552
655
633
557
587
550
571
559
553
517
547
540
529
530
533
512
501
515
535
546
532
533
543
543
546
546
543
546
549
546
544
550
550
550
547
550
548
549
549
535
517
526
523
584
697
685
577
585
582
545
580
543
541
561
548
546
584
533
541
548
559
564
557
581
533
542
549
567
524
526
544
527
519
537
547
540
537
528
539
539
537
538
537
536
536
530
529
541
583
931
522
598
558
582
578
536
525
547
544
502
520
520
513
538
544
543
532
537
548
545
538
539
541
539
532
529
531
549
856
482
599
537
592
580
533
534
552
540
517
493
536
514
510
530
556
560
560
553
554
555
548
546
560
538
540
541
515
581
562
542
562
550
568
555
554
537
543
554
567
561
536
579
498
494
488
482
463
458
459
455
440
424
431
435
450
448
461
461
469
482
482
464
459
470
467
470
481
489
492
493
545
527
520
521
521
522
522
522
521
521
522
522
522
522
521
