309
315
307
297
317
349
457
414
346
353
280
67
307
301
293
207
302
415
357
149
227
363
440
113
342
363
316
356
387
392
490
521
458
61
227
484
274
319
322
282
356
301
332
278
297
294
308
341
350
308
399
349
282
311
281
175
378
343
342
307
327
320
393
512
512
396
124
66
451
65
324
263
285
303
307
357
318
349
363
323
300
262
204
322
252
293
337
350
331
349
342
381
496
497
493
385
400
249
361
311
318
214
285
302
321
304
249
325
357
347
391
364
365
454
483
496
0
421
228
368
291
324
247
281
291
340
391
290
281
322
330
364
341
364
320
330
323
315
334
394
527
490
179
0
348
252
433
287
354
227
295
247
306
327
314
211
267
278
277
344
342
393
362
335
346
303
312
306
316
308
313
313
311
316
318
313
311
308
315
315
312
312
312
314
315
313
310
311
315
315
312
309
310
333
513
509
497
357
340
399
265
256
242
278
293
299
361
368
348
324
248
203
350
237
350
335
322
330
343
326
309
326
321
326
306
306
309
312
314
312
313
314
313
311
314
315
314
313
311
314
317
336
518
511
495
10
50
294
333
214
310
251
316
291
339
352
422
211
329
348
300
332
328
321
360
335
291
327
329
298
315
314
317
330
306
309
317
318
307
315
308
314
315
313
311
315
313
313
318
350
508
504
495
1
235
262
348
214
307
217
327
268
348
369
302
322
436
225
197
311
292
300
320
310
323
332
306
323
324
311
311
335
318
324
316
325
307
309
318
316
316
322
312
303
319
355
503
518
478
0
258
240
314
265
315
287
275
252
322
371
327
276
299
292
292
338
331
349
335
354
297
307
326
319
308
323
319
321
315
313
308
314
314
309
313
315
311
315
311
323
331
384
474
513
273
1
133
245
288
287
311
322
310
297
320
353
339
319
316
303
297
322
310
319
316
304
311
322
316
317
309
304
308
313
319
319
306
305
312
313
313
313
310
312
311
311
303
322
305
240
328
273
280
383
241
222
314
322
362
330
343
345
356
352
371
495
518
311
373
101
294
303
331
263
319
332
301
347
316
272
347
237
281
321
286
334
297
347
349
373
308
301
307
314
314
319
318
309
332
399
497
489
515
264
152
266
239
322
254
319
291
307
297
334
288
299
308
309
352
341
341
309
341
352
328
314
306
316
318
398
497
535
482
59
330
233
262
335
262
296
279
300
281
303
333
279
276
306
311
329
349
336
345
324
344
339
291
310
310
327
314
309
311
312
333
315
305
315
325
371
523
527
475
46
391
197
341
291
287
260
299
296
335
306
286
338
305
296
343
325
366
358
358
283
327
303
303
329
317
317
315
317
321
317
343
438
504
533
413
3
278
266
284
299
254
293
335
345
308
219
317
219
370
350
344
340
326
343
260
304
302
324
343
339
293
311
322
329
328
332
318
301
296
324
330
316
314
303
308
315
324
326
323
376
502
503
525
296
295
17
333
326
314
263
281
296
322
302
346
285
300
284
291
294
344
330
334
341
331
318
314
313
309
330
317
317
318
320
315
323
333
453
513
520
451
40
364
86
315
281
358
226
336
273
256
376
349
210
316
287
304
290
371
366
318
362
351
334
314
317
318
306
315
317
330
366
509
502
482
372
20
170
285
323
303
287
282
296
330
324
332
371
331
244
245
264
292
371
375
368
338
322
313
329
324
317
320
309
311
314
311
310
312
313
311
314
324
508
499
473
451
6
237
30
392
451
229
302
172
387
389
291
317
325
333
225
238
313
330
356
319
316
334
345
336
311
312
315
320
311
302
308
314
311
308
320
382
498
502
519
478
0
338
236
371
241
345
282
274
284
278
366
309
257
286
251
278
332
334
355
347
337
339
331
319
322
317
310
310
314
311
312
315
312
309
311
313
312
319
400
508
520
524
400
66
104
293
203
288
255
304
327
422
311
264
236
271
292
339
329
309
353
343
330
323
326
326
318
316
317
318
314
312
307
317
315
311
312
313
314
312
347
495
551
527
512
183
26
163
356
272
308
328
261
345
423
306
359
327
267
328
335
339
293
253
279
263
314
309
312
258
286
285
320
342
351
352
361
344
342
328
324
322
314
314
313
310
359
499
503
508
425
0
454
258
330
190
225
361
368
277
324
258
194
323
370
380
354
359
333
312
314
312
311
310
311
336
449
511
527
499
0
460
339
393
218
238
357
382
352
311
187
257
272
318
386
351
356
355
349
329
319
319
316
325
413
508
535
514
332
249
309
428
302
331
281
339
315
369
369
308
311
276
327
335
243
271
328
389
409
368
374
375
358
362
378
394
418
414
394
406
411
411
431
443
449
459
464
464
474
486
487
505
529
534
531
531
532
532
531
531
531
532
532
532
531
532
532
