491
492
494
493
492
495
503
502
517
491
499
503
489
502
486
487
509
528
474
432
445
515
498
473
513
507
495
484
488
509
533
519
447
740
461
519
481
519
507
508
502
486
499
486
503
495
495
501
498
490
491
490
495
505
501
504
505
477
471
488
508
510
502
515
511
412
458
519
524
494
515
489
479
488
487
504
503
505
496
486
485
501
500
489
469
475
493
510
513
501
487
486
516
510
492
521
567
457
535
483
481
481
492
510
507
490
490
480
476
488
504
509
501
500
490
479
467
510
518
530
494
498
467
482
493
516
511
496
493
483
483
505
514
505
486
481
493
500
499
499
524
483
364
382
522
477
545
480
505
459
491
483
505
499
495
483
489
480
474
494
512
518
503
487
481
495
504
502
489
484
491
498
499
494
488
491
497
497
493
490
493
497
495
492
491
495
496
494
492
493
495
495
493
493
523
506
488
411
500
582
475
504
470
497
484
504
507
513
493
478
491
507
501
480
487
501
503
494
489
494
500
502
495
492
494
498
497
492
492
497
498
495
493
495
497
496
494
494
495
496
494
496
522
512
495
348
374
491
476
496
488
499
487
491
495
508
533
491
479
479
493
512
514
499
487
483
492
504
504
493
487
488
498
502
494
489
492
500
499
491
489
495
499
496
491
492
497
498
494
494
515
506
483
484
410
504
484
500
487
491
491
489
496
507
494
492
509
491
478
489
486
484
493
505
506
500
496
483
486
495
498
503
495
488
490
500
499
492
490
493
497
497
492
491
496
499
516
511
467
409
413
498
471
501
485
503
481
482
499
500
503
504
491
478
487
501
507
502
493
488
490
497
502
497
487
488
496
499
493
491
496
499
495
491
492
496
495
493
492
497
496
499
514
520
409
345
506
508
495
507
500
484
488
479
495
505
497
500
495
495
491
493
492
493
495
494
495
493
492
493
495
495
495
494
493
493
494
494
495
494
493
492
493
493
494
495
496
498
500
492
487
487
501
501
486
493
495
498
499
491
502
502
499
494
499
525
513
399
461
562
473
516
512
491
488
492
479
495
466
501
525
494
487
490
479
486
500
507
502
495
484
488
497
499
498
491
488
495
499
511
507
496
489
544
495
482
510
510
487
487
474
484
517
519
500
480
472
489
510
512
500
484
494
502
502
491
489
496
497
505
510
537
476
638
506
460
506
507
492
493
481
479
488
499
511
503
490
479
484
504
510
500
486
486
503
506
492
487
492
499
499
494
490
492
497
498
495
493
494
503
530
518
455
250
475
481
528
499
497
485
482
488
502
504
507
499
483
482
500
506
506
495
493
495
501
495
495
497
490
489
494
498
496
494
497
507
524
512
372
430
545
474
501
512
494
480
486
486
497
507
508
475
490
489
487
495
507
513
503
493
479
492
506
499
501
498
494
497
507
503
495
495
500
508
506
482
487
510
503
493
490
504
499
497
523
508
527
449
413
478
473
500
518
494
499
486
486
500
508
504
478
481
503
504
505
485
487
500
498
503
500
498
497
499
495
494
499
498
496
497
500
517
527
496
434
423
431
472
479
509
507
512
500
468
475
497
499
481
506
510
504
517
499
480
504
524
498
495
505
517
513
494
494
502
507
508
528
507
474
475
420
446
507
507
500
487
473
480
498
503
500
497
504
491
490
489
504
519
511
493
487
508
515
506
494
506
511
496
499
508
502
498
504
503
499
504
505
530
518
479
441
469
691
449
507
527
507
489
468
516
491
483
500
509
516
505
515
509
498
508
515
513
504
501
529
536
523
519
523
519
520
531
517
514
525
522
526
544
527
491
436
829
416
493
501
519
523
482
473
460
477
495
513
529
553
534
499
475
505
534
531
509
530
557
534
524
548
544
536
531
542
538
533
535
543
535
532
539
543
541
543
525
506
308
384
492
495
475
509
505
489
481
517
514
559
569
555
515
492
498
505
527
537
543
551
541
543
553
550
545
551
549
552
546
546
549
545
543
547
546
546
551
548
533
489
466
68
432
514
487
529
487
500
463
499
511
507
493
498
481
535
506
490
482
478
496
493
530
498
513
530
559
546
641
575
494
592
471
562
561
566
567
556
564
557
557
560
558
541
537
524
471
532
527
485
488
502
505
500
462
524
519
506
505
468
458
519
555
550
510
529
554
536
518
529
539
534
540
539
514
490
629
481
481
547
504
485
486
480
496
528
527
547
494
441
471
511
549
553
561
538
541
551
544
543
547
550
526
461
406
413
527
548
534
515
494
485
475
489
492
510
597
516
461
736
729
607
554
478
535
557
621
608
599
641
667
663
671
689
700
665
721
698
700
708
681
714
704
661
656
703
712
716
659
736
719
723
723
724
724
723
723
723
723
723
723
723
724
