546
540
549
553
534
541
534
523
520
537
523
525
537
534
522
520
513
532
533
500
516
528
532
576
567
551
555
563
556
577
577
573
528
550
546
559
554
579
561
551
523
532
535
556
544
520
531
520
535
552
549
554
567
565
545
554
556
570
571
536
573
555
565
564
570
589
601
587
560
559
567
557
567
552
557
551
557
554
566
562
598
558
564
561
548
546
556
552
544
563
555
563
563
565
577
562
578
563
563
591
587
559
581
565
558
566
581
591
614
602
569
557
559
533
531
534
531
538
541
543
539
558
557
536
545
545
542
544
509
540
524
527
525
511
517
541
546
542
544
554
535
546
543
536
520
512
521
550
550
553
556
565
551
548
541
541
555
526
553
553
551
563
560
572
577
551
587
578
578
566
601
557
568
555
534
535
524
526
549
558
569
588
562
551
530
530
525
525
520
518
532
521
536
546
524
529
528
525
526
527
496
548
529
524
514
580
541
534
525
545
549
548
549
569
539
526
536
552
533
546
562
552
561
539
559
564
554
551
549
539
527
532
554
548
545
540
577
568
544
554
546
561
559
552
545
505
552
533
547
539
536
542
555
562
573
534
593
587
569
548
549
547
527
531
534
531
532
526
543
559
556
557
538
555
554
542
544
491
533
534
533
537
525
544
551
513
514
539
544
546
542
540
560
523
538
547
550
539
512
524
557
550
548
540
546
561
547
534
522
515
513
523
522
535
530
534
560
539
533
538
534
543
541
544
517
514
547
558
544
551
540
541
538
583
565
551
549
545
561
547
523
534
515
527
535
523
526
534
540
564
555
546
521
517
532
538
544
503
555
523
545
545
542
571
569
529
551
561
577
567
559
538
530
528
534
537
521
543
562
580
550
552
541
531
540
546
528
542
537
542
540
552
557
577
554
564
554
556
566
560
543
556
539
556
547
547
551
566
557
545
518
533
562
518
537
514
510
568
527
513
538
555
575
512
495
523
513
529
540
505
474
517
531
522
524
522
522
523
523
523
522
522
522
523
523
523
522
522
523
522
522
522
522
522
522
522
523
522
523
522
523
523
523
523
522
522
522
523
523
523
523
523
522
523
523
522
522
522
523
522
522
522
522
523
523
522
523
523
523
522
521
522
523
522
523
523
522
522
522
522
522
522
523
524
522
522
522
522
522
522
523
522
522
522
523
523
523
522
522
522
522
522
522
523
522
523
