727
730
711
724
721
749
729
727
720
741
718
695
680
742
741
708
698
769
703
681
667
745
745
699
739
707
699
698
711
729
729
740
715
746
703
716
736
727
728
737
713
717
730
733
727
712
730
711
711
725
736
745
677
763
680
721
749
715
754
705
705
663
711
718
701
720
731
735
722
706
713
718
748
736
692
704
719
703
727
708
689
721
702
715
720
749
736
726
704
712
682
709
720
721
722
685
739
689
710
720
731
728
754
707
686
709
712
725
742
719
713
708
715
729
732
723
724
725
711
729
742
704
728
703
722
717
737
751
699
730
720
714
720
721
761
697
736
692
702
751
739
707
708
731
727
728
718
742
750
701
707
723
724
730
712
731
737
697
720
715
706
719
752
737
689
731
714
687
700
698
743
685
714
749
764
699
672
681
753
735
728
727
727
718
755
696
715
717
719
722
743
726
706
717
738
691
712
719
743
743
715
740
722
711
735
702
765
765
693
722
735
724
717
724
712
743
719
731
738
730
719
742
721
701
713
721
709
745
732
721
731
709
728
720
705
722
735
727
731
713
707
715
732
737
717
704
742
704
723
731
707
719
731
734
714
719
707
715
729
708
730
726
722
725
718
728
715
708
720
757
718
746
695
705
716
742
748
728
706
707
694
729
730
736
763
732
712
714
735
720
707
714
733
728
713
708
735
739
727
729
751
689
739
716
700
718
729
716
750
700
704
721
709
731
730
732
756
705
723
719
701
726
732
738
730
717
721
691
710
736
688
712
729
730
743
708
718
703
725
745
729
728
678
725
707
712
739
728
724
731
722
719
734
711
723
747
732
691
743
704
720
723
738
734
719
734
707
714
723
723
711
722
731
699
699
739
742
708
728
760
696
700
715
744
738
734
712
715
708
734
724
730
739
694
728
718
695
725
734
746
711
703
747
719
705
729
722
735
724
693
697
668
728
729
732
726
752
763
724
718
701
727
723
721
710
722
707
690
748
699
681
707
711
723
724
723
724
724
723
723
723
723
723
724
723
723
723
725
725
724
724
724
722
722
724
723
722
723
724
724
724
723
723
723
723
724
724
724
723
724
723
724
723
723
724
724
723
723
724
723
723
724
723
724
723
723
724
725
724
723
723
722
725
724
724
724
724
723
723
723
723
723
724
723
724
723
723
723
724
724
724
724
723
723
723
723
722
724
723
724
723
724
724
724
723
724
