550
542
536
510
536
519
518
496
537
580
534
506
533
528
538
530
547
561
536
545
535
526
506
504
525
523
525
549
762
721
525
613
539
584
536
571
537
567
588
567
579
546
505
507
541
564
593
559
524
526
530
527
696
549
571
608
555
544
539
551
572
583
573
556
546
493
625
571
521
533
535
528
513
510
518
519
511
531
521
533
629
694
664
567
581
536
543
542
565
583
584
569
545
623
585
658
588
592
540
532
528
527
530
518
523
651
658
575
589
657
712
590
560
553
550
572
570
580
555
712
539
624
531
558
514
542
517
523
512
522
573
673
515
658
642
548
561
527
561
552
597
580
562
737
589
524
522
543
698
639
695
555
578
522
503
550
541
525
523
555
546
546
586
619
575
569
542
559
553
580
574
566
716
699
590
604
535
553
513
541
518
529
516
548
641
572
506
624
527
567
535
575
553
583
571
545
815
524
563
476
563
573
564
532
541
535
531
525
530
518
494
661
534
730
764
557
577
598
554
553
557
583
571
572
544
727
613
578
541
469
499
518
491
551
551
466
526
545
484
561
644
568
930
639
708
527
572
567
598
578
575
583
579
543
846
530
585
613
552
568
605
587
583
547
562
534
580
551
557
553
544
517
523
532
565
585
514
597
572
575
533
557
557
582
582
556
555
543
573
680
600
601
535
508
605
556
546
522
524
538
549
539
546
567
534
521
491
524
580
432
647
644
563
557
552
567
563
573
571
563
542
688
562
683
652
660
486
563
571
553
542
542
532
552
562
499
545
615
610
517
578
564
570
545
562
568
558
555
667
447
612
502
546
630
616
574
546
526
522
552
572
568
558
546
547
561
562
544
551
550
553
537
535
542
549
539
540
546
541
541
539

