533
521
517
527
526
533
547
513
536
559
566
536
553
617
578
563
593
601
587
579
575
604
604
620
531
549
507
427
0
28
379
147
360
201
341
246
344
263
208
179
269
357
417
436
512
562
628
586
569
551
510
462
58
328
227
105
276
377
391
329
180
124
189
294
367
457
346
369
443
490
542
571
582
594
597
593
585
541
537
459
7
0
0
155
221
386
382
355
246
103
131
220
370
158
408
358
429
523
553
585
625
628
608
585
550
493
563
590
291
216
0
213
339
299
323
249
218
173
285
436
310
336
445
519
567
630
642
617
563
569
415
103
374
0
1
321
310
418
296
266
94
169
267
222
221
506
538
510
229
231
432
358
449
481
589
603
632
597
575
553
420
237
154
101
200
252
357
303
297
162
191
256
349
351
407
418
503
582
635
638
623
580
540
466
179
191
300
104
406
273
355
230
251
162
238
370
199
388
470
303
350
395
501
563
599
607
603
583
591
588
551
425
495
270
1
210
283
208
346
346
290
184
174
239
369
335
417
422
444
468
461
533
523
513
571
613
591
567
628
655
481
315
0
138
82
386
312
405
244
209
188
277
293
415
326
381
457
494
480
482
458
445
461
469
521
530
570
651
652
630
618
575
559
519
382
401
243
166
203
280
414
311
250
146
175
299
333
402
432
365
360
435
498
469
560
604
623
632
617
615
586
589
578
588
583
574
599
495
451
514
48
0
217
316
318
234
251
207
211
275
393
285
435
430
414
462
511
484
583
643
657
647
635
624
591
570
505
289
314
272
254
260
278
353
275
225
305
331
297
408
253
332
338
364
376
447
474
443
430
426
424
426
427
442
467
478
438
436
447
447
445
454
455
465
466
447
444
455
446
451
451

