715
722
736
732
720
721
721
707
734
770
791
790
647
702
703
665
713
690
664
719
690
696
665
625
531
539
489
436
345
444
499
474
498
467
508
484
505
482
566
631
623
635
590
599
705
663
672
665
562
544
503
476
501
590
501
434
511
508
509
480
467
461
478
499
511
643
621
752
652
664
668
671
652
685
682
685
665
587
532
481
472
315
431
481
473
504
498
500
475
470
471
491
511
527
587
751
701
618
663
633
629
667
691
650
528
494
701
526
778
423
378
514
497
532
507
490
474
460
482
897
648
723
683
631
634
604
623
620
520
510
484
405
462
478
471
498
501
521
484
479
462
484
503
604
589
487
489
501
988
651
860
856
753
665
524
598
604
592
538
488
428
664
471
434
496
495
509
489
482
468
484
499
645
745
726
587
609
575
597
611
602
571
551
519
403
345
527
491
513
491
503
481
481
478
497
506
755
585
512
688
811
729
597
631
631
667
679
706
684
620
605
643
496
445
322
590
481
453
486
490
499
480
483
492
509
673
702
727
748
735
713
630
641
665
647
718
667
609
578
518
436
495
357
492
510
539
538
502
470
423
442
488
515
527
612
607
677
717
699
758
825
799
770
709
669
627
597
569
633
675
644
617
551
479
464
614
560
463
459
486
517
497
481
474
491
499
500
507
691
790
751
754
660
704
601
603
658
699
694
680
710
712
702
679
670
584
600
463
482
754
419
392
490
486
498
491
484
500
493
481
503
461
702
800
700
591
710
681
623
607
641
654
666
604
596
544
439
411
534
576
476
470
500
498
495
478
500
504
632
643
678
515
578
651
712
637
733
708
723
718
700
694
702
704
713
723
712
706
704
704
710
716
714
718
719
707
710
712
713
713
711

